# DICHROIC = D55
# HA = -01:04:48.7
# ANGLE = 27 deg 17 min
# OBSERVER = D.Perley A.Ho
# OBSLST = 19:51:51.8
# OBJECT = ZTF19aayclnm
# CASSPA = 49.65
# PARALLAC = 340.71
# HOURANG = E01:04:48.7
# CCDTEMP = 161.65
# LAMPS = 0000000
# RA = 20:55:37.16
# GRATING = 600/4000
# APERTURE = 1.5
# TELFOCUS = 42.55 mm
# AIRMASS = 1.405
# DEC = -08:40:13.3
# UTSHUT = 2019-08-01T07:00:54.679
# EXPTIME = 900
3400.000 7.2397e-18
3401.525 2.0913e-17
3403.050 3.1835e-17
3404.575 -1.1971e-17
3406.100 4.3294e-17
3407.625 -5.4203e-18
3409.150 5.7778e-18
3410.675 -5.9889e-18
3412.200 -3.4373e-17
3413.725 1.6661e-17
3415.250 7.4751e-18
3416.775 -1.9114e-17
3418.300 -7.7001e-18
3419.825 4.3463e-18
3421.350 -3.2236e-17
3422.875 3.664e-18
3424.400 -3.2033e-18
3425.925 3.1875e-17
3427.450 7.3657e-18
3428.975 9.4221e-18
3430.500 3.3234e-17
3432.025 1.4059e-17
3433.550 3.7157e-17
3435.075 -1.1139e-17
3436.600 8.3066e-19
3438.125 2.5803e-17
3439.650 3.3923e-17
3441.175 7.5333e-19
3442.700 -8.6607e-18
3444.225 1.9168e-17
3445.750 -2.0098e-17
3447.275 1.2742e-17
3448.800 3.2982e-17
3450.325 3.9305e-18
3451.850 8.2431e-18
3453.375 2.2769e-17
3454.900 -2.7679e-18
3456.425 1.1419e-18
3457.950 6.6357e-18
3459.475 3.6841e-17
3461.000 1.2204e-17
3462.525 -8.2992e-18
3464.050 -3.8364e-18
3465.575 -9.6046e-18
3467.100 -5.7323e-18
3468.625 4.8635e-18
3470.150 1.8512e-18
3471.675 2.2424e-18
3473.200 -5.4554e-18
3474.725 2.7182e-18
3476.250 3.8166e-17
3477.775 -5.7505e-18
3479.300 -1.6663e-17
3480.825 4.0278e-18
3482.350 -9.1536e-18
3483.875 1.0063e-17
3485.400 -6.3653e-18
3486.925 1.5992e-17
3488.450 2.3584e-17
3489.975 6.4995e-18
3491.500 6.2448e-18
3493.025 -1.8681e-17
3494.550 -1.3329e-18
3496.075 1.722e-17
3497.600 1.3771e-17
3499.125 1.851e-18
3500.650 2.9889e-18
3502.175 1.6826e-17
3503.700 8.5306e-18
3505.225 1.2699e-17
3506.750 1.3977e-18
3508.275 1.1387e-17
3509.800 2.343e-17
3511.325 1.1206e-17
3512.850 -3.6206e-18
3514.375 -6.7283e-18
3515.900 3.2933e-18
3517.425 4.1732e-18
3518.950 5.5054e-18
3520.475 1.7088e-17
3522.000 2.794e-17
3523.525 1.4751e-17
3525.050 6.6135e-18
3526.575 7.516e-18
3528.100 -9.1875e-18
3529.625 7.4945e-18
3531.150 9.9795e-18
3532.675 -6.6751e-19
3534.200 5.6055e-18
3535.725 -7.207e-18
3537.250 -1.4884e-17
3538.775 1.5343e-17
3540.300 3.9042e-17
3541.825 1.9884e-17
3543.350 -1.1368e-18
3544.875 5.3418e-18
3546.400 -4.6282e-19
3547.925 -2.023e-17
3549.450 -2.0624e-17
3550.975 1.1718e-17
3552.500 3.7477e-17
3554.025 1.0051e-17
3555.550 1.2766e-17
3557.075 2.2839e-17
3558.600 5.1737e-18
3560.125 7.8884e-18
3561.650 2.1488e-18
3563.175 -1.4765e-17
3564.700 -6.3572e-18
3566.225 1.0938e-17
3567.750 2.6546e-17
3569.275 3.291e-18
3570.800 -9.6639e-19
3572.325 7.2654e-18
3573.850 3.8259e-18
3575.375 -3.1612e-18
3576.900 1.0094e-18
3578.425 6.1686e-18
3579.950 2.2663e-18
3581.475 9.754e-18
3583.000 1.4152e-17
3584.525 4.7919e-18
3586.050 9.6216e-18
3587.575 4.8899e-18
3589.100 5.9985e-18
3590.625 -4.4514e-18
3592.150 -6.1748e-18
3593.675 -3.3964e-18
3595.200 -1.1554e-18
3596.725 8.9452e-18
3598.250 1.2108e-17
3599.775 2.8779e-18
3601.300 -1.0553e-18
3602.825 -4.2281e-18
3604.350 -3.9502e-18
3605.875 9.1933e-18
3607.400 5.4003e-18
3608.925 5.61e-18
3610.450 2.9237e-18
3611.975 3.4606e-18
3613.500 1.1019e-18
3615.025 8.0267e-18
3616.550 7.6822e-18
3618.075 1.8032e-17
3619.600 2.3483e-17
3621.125 1.9153e-17
3622.650 1.1032e-17
3624.175 -1.1646e-18
3625.700 4.6955e-18
3627.225 -9.8777e-19
3628.750 5.8759e-18
3630.275 -1.0484e-17
3631.800 4.3951e-19
3633.325 3.6642e-18
3634.850 2.2925e-18
3636.375 1.0378e-17
3637.900 3.9517e-18
3639.425 -1.9297e-18
3640.950 4.2915e-18
3642.475 1.6635e-17
3644.000 2.0936e-17
3645.525 2.1339e-17
3647.050 -2.1846e-18
3648.575 1.6643e-17
3650.100 1.4039e-17
3651.625 6.2871e-18
3653.150 -1.2517e-17
3654.675 -2.4677e-18
3656.200 1.1597e-17
3657.725 -1.0219e-17
3659.250 4.8215e-18
3660.775 1.4756e-17
3662.300 7.5423e-18
3663.825 7.3908e-18
3665.350 1.0547e-17
3666.875 9.1377e-19
3668.400 1.5057e-17
3669.925 9.6562e-19
3671.450 -7.6639e-19
3672.975 -1.2456e-17
3674.500 -1.0743e-18
3676.025 -4.8143e-18
3677.550 -3.401e-18
3679.075 -7.7927e-18
3680.600 1.0326e-18
3682.125 6.8931e-18
3683.650 1.253e-18
3685.175 -3.6448e-20
3686.700 -6.8911e-19
3688.225 3.85e-18
3689.750 -1.4566e-18
3691.275 1.0408e-17
3692.800 4.819e-18
3694.325 1.4809e-17
3695.850 1.2722e-17
3697.375 4.5367e-18
3698.900 4.1782e-18
3700.425 4.1605e-18
3701.950 -1.0609e-18
3703.475 1.0302e-18
3705.000 1.0129e-17
3706.525 7.3511e-18
3708.050 6.8914e-18
3709.575 1.2709e-18
3711.100 3.7008e-18
3712.625 -4.8482e-18
3714.150 2.7935e-18
3715.675 1.7431e-17
3717.200 1.2978e-17
3718.725 7.0585e-18
3720.250 1.385e-17
3721.775 2.1927e-18
3723.300 1.8835e-17
3724.825 1.7351e-17
3726.350 1.7258e-18
3727.875 -4.6577e-18
3729.400 1.2446e-17
3730.925 1.8678e-17
3732.450 8.9614e-18
3733.975 2.6935e-18
3735.500 1.4451e-18
3737.025 5.8017e-18
3738.550 3.6142e-18
3740.075 4.8277e-18
3741.600 7.0198e-18
3743.125 1.061e-17
3744.650 -4.3999e-18
3746.175 -4.7638e-18
3747.700 7.7058e-18
3749.225 6.3207e-18
3750.750 1.3328e-17
3752.275 1.2068e-17
3753.800 4.4696e-18
3755.325 5.4673e-18
3756.850 2.203e-17
3758.375 1.2756e-17
3759.900 1.8295e-18
3761.425 7.19e-18
3762.950 8.1984e-18
3764.475 8.4251e-18
3766.000 5.4807e-18
3767.525 1.1053e-17
3769.050 1.2466e-17
3770.575 1.0217e-17
3772.100 1.5482e-17
3773.625 1.2572e-17
3775.150 3.6734e-18
3776.675 9.0881e-18
3778.200 6.3265e-18
3779.725 4.0174e-19
3781.250 9.5871e-18
3782.775 1.467e-17
3784.300 7.9788e-18
3785.825 1.1768e-17
3787.350 4.8921e-18
3788.875 6.2377e-18
3790.400 7.1428e-18
3791.925 1.0299e-17
3793.450 6.6896e-18
3794.975 2.951e-18
3796.500 1.2703e-17
3798.025 1.4905e-17
3799.550 1.5834e-17
3801.075 9.163e-18
3802.600 7.913e-18
3804.125 1.1298e-17
3805.650 1.2863e-17
3807.175 7.6835e-18
3808.700 1.0597e-17
3810.225 8.6933e-18
3811.750 8.7047e-18
3813.275 1.6239e-17
3814.800 1.0903e-17
3816.325 1.3997e-17
3817.850 1.3688e-17
3819.375 7.2935e-18
3820.900 7.2197e-18
3822.425 1.0747e-17
3823.950 1.3717e-17
3825.475 1.2473e-17
3827.000 1.198e-17
3828.525 1.7639e-17
3830.050 1.8576e-17
3831.575 1.271e-17
3833.100 1.2283e-17
3834.625 2.0153e-17
3836.150 1.2174e-17
3837.675 1.0204e-17
3839.200 1.0978e-17
3840.725 1.7503e-17
3842.250 2.1743e-17
3843.775 1.9404e-17
3845.300 9.4494e-18
3846.825 1.2714e-17
3848.350 2.021e-17
3849.875 1.736e-17
3851.400 1.4046e-17
3852.925 1.218e-17
3854.450 1.2037e-17
3855.975 5.3599e-18
3857.500 8.299e-18
3859.025 1.9809e-17
3860.550 2.2232e-17
3862.075 2.3562e-17
3863.600 2.3209e-17
3865.125 2.2232e-17
3866.650 1.5168e-17
3868.175 1.7951e-17
3869.700 2.2193e-17
3871.225 1.382e-17
3872.750 1.6663e-17
3874.275 1.44e-17
3875.800 9.9625e-18
3877.325 1.3027e-17
3878.850 1.7837e-17
3880.375 1.0295e-17
3881.900 1.1028e-17
3883.425 1.5344e-17
3884.950 1.1533e-17
3886.475 1.7287e-17
3888.000 1.7381e-17
3889.525 1.8641e-17
3891.050 1.137e-17
3892.575 1.4196e-17
3894.100 2.2053e-17
3895.625 1.2031e-17
3897.150 2.4082e-17
3898.675 1.9996e-17
3900.200 1.8889e-17
3901.725 1.5605e-17
3903.250 1.9449e-17
3904.775 9.284e-18
3906.300 1.8064e-17
3907.825 2.7016e-17
3909.350 2.0057e-17
3910.875 1.2854e-17
3912.400 8.8391e-18
3913.925 1.7795e-17
3915.450 1.4665e-17
3916.975 1.7701e-17
3918.500 1.5084e-17
3920.025 1.5972e-17
3921.550 2.3015e-17
3923.075 1.6826e-17
3924.600 1.7836e-17
3926.125 1.9029e-17
3927.650 1.368e-17
3929.175 1.8416e-17
3930.700 2.0971e-17
3932.225 1.7173e-17
3933.750 1.8622e-17
3935.275 1.3671e-17
3936.800 2.1082e-17
3938.325 2.1647e-17
3939.850 1.2393e-17
3941.375 1.7988e-17
3942.900 1.8585e-17
3944.425 1.8425e-17
3945.950 1.2765e-17
3947.475 1.4602e-17
3949.000 1.4987e-17
3950.525 5.2139e-18
3952.050 9.9319e-18
3953.575 7.7541e-18
3955.100 1.3301e-17
3956.625 1.454e-17
3958.150 1.667e-17
3959.675 1.8879e-17
3961.200 2.6575e-17
3962.725 2.6472e-17
3964.250 1.9701e-17
3965.775 2.0488e-17
3967.300 1.2631e-17
3968.825 1.7263e-17
3970.350 1.3374e-17
3971.875 1.772e-17
3973.400 1.6622e-17
3974.925 1.9071e-17
3976.450 1.9993e-17
3977.975 1.6149e-17
3979.500 1.7599e-17
3981.025 2.0138e-17
3982.550 2.5801e-17
3984.075 2.3738e-17
3985.600 1.4245e-17
3987.125 2.1105e-17
3988.650 2.2199e-17
3990.175 1.387e-17
3991.700 2.3304e-17
3993.225 8.2966e-18
3994.750 1.4373e-17
3996.275 2.2274e-17
3997.800 2.7388e-17
3999.325 2.6905e-17
4000.850 2.5879e-17
4002.375 2.0698e-17
4003.900 3.1662e-17
4005.425 3.2129e-17
4006.950 2.9388e-17
4008.475 1.654e-17
4010.000 2.2175e-17
4011.525 2.7748e-17
4013.050 2.6461e-17
4014.575 2.6884e-17
4016.100 2.7502e-17
4017.625 1.7341e-17
4019.150 2.2519e-17
4020.675 1.7155e-17
4022.200 2.4569e-17
4023.725 2.1862e-17
4025.250 2.9343e-17
4026.775 2.3949e-17
4028.300 1.957e-17
4029.825 2.9726e-17
4031.350 2.5915e-17
4032.875 2.2578e-17
4034.400 2.7296e-17
4035.925 2.6439e-17
4037.450 2.4012e-17
4038.975 3.4275e-17
4040.500 3.2295e-17
4042.025 2.4235e-17
4043.550 2.8806e-17
4045.075 3.7542e-17
4046.600 4.3073e-17
4048.125 2.2035e-17
4049.650 2.5336e-17
4051.175 3.0961e-17
4052.700 2.8592e-17
4054.225 3.1087e-17
4055.750 3.1522e-17
4057.275 2.8339e-17
4058.800 2.7007e-17
4060.325 3.0254e-17
4061.850 1.8792e-17
4063.375 2.7812e-17
4064.900 2.5833e-17
4066.425 2.7628e-17
4067.950 2.6097e-17
4069.475 2.7921e-17
4071.000 3.5339e-17
4072.525 2.9169e-17
4074.050 3.2957e-17
4075.575 3.2988e-17
4077.100 2.6547e-17
4078.625 2.1634e-17
4080.150 1.9779e-17
4081.675 1.9322e-17
4083.200 2.5359e-17
4084.725 3.5246e-17
4086.250 2.7844e-17
4087.775 2.0888e-17
4089.300 2.7454e-17
4090.825 2.9813e-17
4092.350 2.8431e-17
4093.875 2.7672e-17
4095.400 2.2983e-17
4096.925 1.6991e-17
4098.450 1.7461e-17
4099.975 2.7803e-17
4101.500 2.8732e-17
4103.025 2.5123e-17
4104.550 2.6935e-17
4106.075 2.3425e-17
4107.600 2.1782e-17
4109.125 3.3244e-17
4110.650 3.1437e-17
4112.175 3.0671e-17
4113.700 2.5301e-17
4115.225 2.5194e-17
4116.750 2.5405e-17
4118.275 2.3337e-17
4119.800 3.2412e-17
4121.325 3.916e-17
4122.850 3.4213e-17
4124.375 2.717e-17
4125.900 2.3778e-17
4127.425 2.7704e-17
4128.950 3.0494e-17
4130.475 2.9821e-17
4132.000 2.4701e-17
4133.525 2.6679e-17
4135.050 2.4524e-17
4136.575 2.7433e-17
4138.100 2.9743e-17
4139.625 2.8936e-17
4141.150 2.7826e-17
4142.675 2.4951e-17
4144.200 1.8984e-17
4145.725 2.1238e-17
4147.250 2.7795e-17
4148.775 2.8856e-17
4150.300 2.0389e-17
4151.825 2.8232e-17
4153.350 3.0602e-17
4154.875 2.3584e-17
4156.400 2.6558e-17
4157.925 2.0858e-17
4159.450 1.9214e-17
4160.975 2.6074e-17
4162.500 3.0632e-17
4164.025 2.427e-17
4165.550 2.1648e-17
4167.075 2.3819e-17
4168.600 3.5312e-17
4170.125 2.913e-17
4171.650 2.3736e-17
4173.175 3.2834e-17
4174.700 2.8842e-17
4176.225 1.941e-17
4177.750 1.7654e-17
4179.275 2.4181e-17
4180.800 1.8701e-17
4182.325 1.858e-17
4183.850 2.3891e-17
4185.375 2.9859e-17
4186.900 1.9337e-17
4188.425 2.4919e-17
4189.950 2.9196e-17
4191.475 2.444e-17
4193.000 2.5642e-17
4194.525 2.2807e-17
4196.050 1.6052e-17
4197.575 1.6724e-17
4199.100 2.9206e-17
4200.625 2.8576e-17
4202.150 2.6171e-17
4203.675 1.6589e-17
4205.200 2.3767e-17
4206.725 2.2658e-17
4208.250 2.4258e-17
4209.775 2.0238e-17
4211.300 2.3774e-17
4212.825 2.9594e-17
4214.350 3.1761e-17
4215.875 2.6366e-17
4217.400 2.6083e-17
4218.925 2.0151e-17
4220.450 1.8758e-17
4221.975 1.9671e-17
4223.500 2.9854e-17
4225.025 1.8973e-17
4226.550 1.6207e-17
4228.075 2.4976e-17
4229.600 2.6242e-17
4231.125 2.955e-17
4232.650 2.8555e-17
4234.175 2.5923e-17
4235.700 2.398e-17
4237.225 2.698e-17
4238.750 2.7183e-17
4240.275 3.1439e-17
4241.800 2.9736e-17
4243.325 2.5897e-17
4244.850 3.4352e-17
4246.375 3.4874e-17
4247.900 2.9379e-17
4249.425 2.6373e-17
4250.950 1.8073e-17
4252.475 1.5851e-17
4254.000 3.3839e-17
4255.525 3.5752e-17
4257.050 2.3849e-17
4258.575 2.3729e-17
4260.100 2.8854e-17
4261.625 2.5082e-17
4263.150 2.9085e-17
4264.675 2.783e-17
4266.200 2.615e-17
4267.725 2.8724e-17
4269.250 2.0404e-17
4270.775 2.3133e-17
4272.300 2.9021e-17
4273.825 2.5431e-17
4275.350 2.5346e-17
4276.875 2.9842e-17
4278.400 2.9982e-17
4279.925 3.0818e-17
4281.450 2.9788e-17
4282.975 2.6625e-17
4284.500 2.6201e-17
4286.025 2.8273e-17
4287.550 2.8162e-17
4289.075 3.0925e-17
4290.600 2.6533e-17
4292.125 2.4439e-17
4293.650 2.5495e-17
4295.175 2.6189e-17
4296.700 2.7866e-17
4298.225 3.2676e-17
4299.750 2.6118e-17
4301.275 3.4649e-17
4302.800 2.9409e-17
4304.325 2.7049e-17
4305.850 2.5217e-17
4307.375 2.8774e-17
4308.900 2.7325e-17
4310.425 2.509e-17
4311.950 2.8016e-17
4313.475 2.7801e-17
4315.000 3.0321e-17
4316.525 2.5704e-17
4318.050 2.3369e-17
4319.575 2.9056e-17
4321.100 2.663e-17
4322.625 2.5857e-17
4324.150 3.5683e-17
4325.675 2.5626e-17
4327.200 3.1729e-17
4328.725 3.2211e-17
4330.250 2.8476e-17
4331.775 2.549e-17
4333.300 2.0773e-17
4334.825 2.7391e-17
4336.350 2.4916e-17
4337.875 2.6524e-17
4339.400 3.3585e-17
4340.925 3.3349e-17
4342.450 2.8752e-17
4343.975 3.2582e-17
4345.500 3.1037e-17
4347.025 2.3027e-17
4348.550 2.8795e-17
4350.075 2.74e-17
4351.600 2.9731e-17
4353.125 3.5127e-17
4354.650 4.2666e-17
4356.175 4.2123e-17
4357.700 5.4393e-17
4359.225 4.3829e-17
4360.750 3.5342e-17
4362.275 2.6572e-17
4363.800 2.6329e-17
4365.325 2.7809e-17
4366.850 3.1845e-17
4368.375 3.7859e-17
4369.900 3.1282e-17
4371.425 3.2058e-17
4372.950 3.3041e-17
4374.475 3.6658e-17
4376.000 3.7456e-17
4377.525 3.0671e-17
4379.050 2.4066e-17
4380.575 2.6609e-17
4382.100 3.5341e-17
4383.625 3.6114e-17
4385.150 3.2668e-17
4386.675 3.4445e-17
4388.200 2.7918e-17
4389.725 3.1658e-17
4391.250 2.9481e-17
4392.775 3.1659e-17
4394.300 3.5173e-17
4395.825 3.7011e-17
4397.350 3.9366e-17
4398.875 3.7624e-17
4400.400 3.2866e-17
4401.925 4.0381e-17
4403.450 3.5443e-17
4404.975 2.8856e-17
4406.500 2.6981e-17
4408.025 3.4025e-17
4409.550 3.5389e-17
4411.075 3.6262e-17
4412.600 3.5919e-17
4414.125 3.6231e-17
4415.650 3.9874e-17
4417.175 3.7607e-17
4418.700 2.9923e-17
4420.225 2.5136e-17
4421.750 3.2871e-17
4423.275 3.2109e-17
4424.800 3.9264e-17
4426.325 3.7076e-17
4427.850 2.9417e-17
4429.375 2.9796e-17
4430.900 2.6135e-17
4432.425 3.4593e-17
4433.950 3.5083e-17
4435.475 4.2541e-17
4437.000 3.2682e-17
4438.525 3.0619e-17
4440.050 3.5364e-17
4441.575 4.0513e-17
4443.100 3.2577e-17
4444.625 4.1813e-17
4446.150 3.5191e-17
4447.675 2.77e-17
4449.200 3.6784e-17
4450.725 3.2197e-17
4452.250 2.9246e-17
4453.775 2.2112e-17
4455.300 2.0635e-17
4456.825 2.628e-17
4458.350 3.1475e-17
4459.875 3.9469e-17
4461.400 3.7385e-17
4462.925 2.9131e-17
4464.450 2.437e-17
4465.975 2.9206e-17
4467.500 3.5964e-17
4469.025 3.8063e-17
4470.550 3.2976e-17
4472.075 4.1551e-17
4473.600 3.184e-17
4475.125 2.6114e-17
4476.650 3.7561e-17
4478.175 3.1426e-17
4479.700 4.074e-17
4481.225 3.718e-17
4482.750 3.6619e-17
4484.275 3.7668e-17
4485.800 3.5466e-17
4487.325 3.0424e-17
4488.850 2.9296e-17
4490.375 3.7433e-17
4491.900 2.8662e-17
4493.425 2.7259e-17
4494.950 3.6393e-17
4496.475 3.6697e-17
4498.000 3.0586e-17
4499.525 3.2039e-17
4501.050 3.0886e-17
4502.575 2.415e-17
4504.100 3.188e-17
4505.625 2.9074e-17
4507.150 2.6747e-17
4508.675 3.3628e-17
4510.200 3.6764e-17
4511.725 3.5934e-17
4513.250 3.9342e-17
4514.775 4.0773e-17
4516.300 3.7427e-17
4517.825 3.5972e-17
4519.350 3.9327e-17
4520.875 3.3148e-17
4522.400 2.4367e-17
4523.925 2.6834e-17
4525.450 4.0339e-17
4526.975 3.8442e-17
4528.500 3.2338e-17
4530.025 3.1874e-17
4531.550 2.3452e-17
4533.075 3.3885e-17
4534.600 2.7475e-17
4536.125 3.7036e-17
4537.650 2.7706e-17
4539.175 3.4138e-17
4540.700 3.4818e-17
4542.225 3.245e-17
4543.750 3.1702e-17
4545.275 3.0663e-17
4546.800 3.2308e-17
4548.325 3.0225e-17
4549.850 3.2218e-17
4551.375 3.4213e-17
4552.900 4.3507e-17
4554.425 3.2401e-17
4555.950 2.9038e-17
4557.475 3.0102e-17
4559.000 4.6336e-17
4560.525 4.9015e-17
4562.050 3.6304e-17
4563.575 2.4956e-17
4565.100 3.0804e-17
4566.625 4.2316e-17
4568.150 4.1726e-17
4569.675 3.4842e-17
4571.200 3.0224e-17
4572.725 3.1862e-17
4574.250 3.3748e-17
4575.775 3.4027e-17
4577.300 3.3102e-17
4578.825 3.8892e-17
4580.350 4.2205e-17
4581.875 4.3786e-17
4583.400 3.884e-17
4584.925 3.258e-17
4586.450 3.1333e-17
4587.975 3.2358e-17
4589.500 3.1236e-17
4591.025 3.4118e-17
4592.550 3.9858e-17
4594.075 4.0464e-17
4595.600 3.619e-17
4597.125 3.6862e-17
4598.650 3.9486e-17
4600.175 3.6771e-17
4601.700 3.2636e-17
4603.225 2.8775e-17
4604.750 4.3245e-17
4606.275 4.3412e-17
4607.800 4.1279e-17
4609.325 4.447e-17
4610.850 4.1365e-17
4612.375 4.2427e-17
4613.900 4.6437e-17
4615.425 4.0819e-17
4616.950 3.4081e-17
4618.475 3.5432e-17
4620.000 4.4965e-17
4621.525 3.5071e-17
4623.050 3.7213e-17
4624.575 4.8264e-17
4626.100 3.6989e-17
4627.625 3.8856e-17
4629.150 2.7833e-17
4630.675 3.4047e-17
4632.200 3.907e-17
4633.725 4.2333e-17
4635.250 3.4599e-17
4636.775 3.3507e-17
4638.300 4.3488e-17
4639.825 4.3506e-17
4641.350 3.4047e-17
4642.875 4.0306e-17
4644.400 4.1512e-17
4645.925 4.7467e-17
4647.450 3.9339e-17
4648.975 4.4686e-17
4650.500 4.2548e-17
4652.025 3.6756e-17
4653.550 4.181e-17
4655.075 3.4802e-17
4656.600 3.6549e-17
4658.125 3.7248e-17
4659.650 4.3403e-17
4661.175 3.1325e-17
4662.700 4.1362e-17
4664.225 4.3491e-17
4665.750 4.3381e-17
4667.275 3.8253e-17
4668.800 3.235e-17
4670.325 3.7781e-17
4671.850 4.2364e-17
4673.375 3.2811e-17
4674.900 3.5519e-17
4676.425 3.6582e-17
4677.950 3.0234e-17
4679.475 3.3947e-17
4681.000 3.7143e-17
4682.525 3.1949e-17
4684.050 3.0369e-17
4685.575 3.4768e-17
4687.100 2.5935e-17
4688.625 2.2054e-17
4690.150 3.0036e-17
4691.675 3.0762e-17
4693.200 3.6089e-17
4694.725 3.8862e-17
4696.250 4.0007e-17
4697.775 3.8777e-17
4699.300 3.9604e-17
4700.825 4.2067e-17
4702.350 3.5805e-17
4703.875 3.3919e-17
4705.400 2.8999e-17
4706.925 3.7351e-17
4708.450 3.5991e-17
4709.975 3.0816e-17
4711.500 3.4891e-17
4713.025 3.705e-17
4714.550 3.5138e-17
4716.075 3.4771e-17
4717.600 3.8852e-17
4719.125 3.4077e-17
4720.650 3.3258e-17
4722.175 4.4462e-17
4723.700 3.6072e-17
4725.225 4.4973e-17
4726.750 3.5265e-17
4728.275 3.7178e-17
4729.800 4.0366e-17
4731.325 3.7736e-17
4732.850 3.7306e-17
4734.375 3.9431e-17
4735.900 4.2681e-17
4737.425 4.4657e-17
4738.950 3.6548e-17
4740.475 2.952e-17
4742.000 2.7654e-17
4743.525 2.7442e-17
4745.050 3.4724e-17
4746.575 4.1227e-17
4748.100 3.8923e-17
4749.625 3.6021e-17
4751.150 3.7321e-17
4752.675 3.0028e-17
4754.200 3.3684e-17
4755.725 3.9292e-17
4757.250 3.9171e-17
4758.775 3.8689e-17
4760.300 4.5935e-17
4761.825 4.1857e-17
4763.350 3.9608e-17
4764.875 4.2821e-17
4766.400 4.0596e-17
4767.925 4.0254e-17
4769.450 4.0419e-17
4770.975 4.3856e-17
4772.500 4.2929e-17
4774.025 3.8797e-17
4775.550 3.7658e-17
4777.075 3.8206e-17
4778.600 4.891e-17
4780.125 4.1471e-17
4781.650 4.1088e-17
4783.175 3.5826e-17
4784.700 4.0906e-17
4786.225 3.8701e-17
4787.750 5.087e-17
4789.275 5.1644e-17
4790.800 4.4712e-17
4792.325 4.1443e-17
4793.850 3.7403e-17
4795.375 3.7784e-17
4796.900 4.2619e-17
4798.425 4.6318e-17
4799.950 3.9152e-17
4801.475 3.5075e-17
4803.000 4.4219e-17
4804.525 4.8375e-17
4806.050 4.1547e-17
4807.575 4.2643e-17
4809.100 3.8458e-17
4810.625 3.5023e-17
4812.150 4.1888e-17
4813.675 3.6707e-17
4815.200 3.4016e-17
4816.725 4.3177e-17
4818.250 4.2773e-17
4819.775 3.5311e-17
4821.300 4.3988e-17
4822.825 4.2935e-17
4824.350 4.4749e-17
4825.875 3.9231e-17
4827.400 4.1051e-17
4828.925 4.1405e-17
4830.450 4.1745e-17
4831.975 4.571e-17
4833.500 4.223e-17
4835.025 4.7126e-17
4836.550 4.2436e-17
4838.075 4.3813e-17
4839.600 4.8628e-17
4841.125 4.6741e-17
4842.650 4.1247e-17
4844.175 4.7582e-17
4845.700 4.5852e-17
4847.225 4.0163e-17
4848.750 3.8374e-17
4850.275 3.9514e-17
4851.800 4.4901e-17
4853.325 4.3526e-17
4854.850 4.2634e-17
4856.375 4.8338e-17
4857.900 3.9221e-17
4859.425 3.8567e-17
4860.950 4.0413e-17
4862.475 4.1653e-17
4864.000 5.2822e-17
4865.525 4.264e-17
4867.050 3.8128e-17
4868.575 5.1165e-17
4870.100 5.2905e-17
4871.625 4.7316e-17
4873.150 4.3313e-17
4874.675 4.4788e-17
4876.200 4.5707e-17
4877.725 4.3546e-17
4879.250 4.343e-17
4880.775 4.0652e-17
4882.300 3.8639e-17
4883.825 3.907e-17
4885.350 4.3924e-17
4886.875 4.7436e-17
4888.400 4.0651e-17
4889.925 3.5611e-17
4891.450 3.7825e-17
4892.975 4.3263e-17
4894.500 4.242e-17
4896.025 4.4356e-17
4897.550 3.669e-17
4899.075 4.1416e-17
4900.600 4.4177e-17
4902.125 4.772e-17
4903.650 5.9003e-17
4905.175 5.1499e-17
4906.700 4.7232e-17
4908.225 4.9412e-17
4909.750 4.7393e-17
4911.275 4.4967e-17
4912.800 4.7141e-17
4914.325 4.7648e-17
4915.850 4.6496e-17
4917.375 4.9185e-17
4918.900 4.9864e-17
4920.425 5.0578e-17
4921.950 5.2973e-17
4923.475 4.4764e-17
4925.000 4.9773e-17
4926.525 5.1834e-17
4928.050 4.7168e-17
4929.575 4.3678e-17
4931.100 4.2704e-17
4932.625 4.8676e-17
4934.150 5.1848e-17
4935.675 4.6456e-17
4937.200 5.3976e-17
4938.725 5.331e-17
4940.250 5.1145e-17
4941.775 4.477e-17
4943.300 5.3337e-17
4944.825 4.9466e-17
4946.350 4.4892e-17
4947.875 4.755e-17
4949.400 5.0691e-17
4950.925 5.4109e-17
4952.450 4.8853e-17
4953.975 4.9462e-17
4955.500 4.4552e-17
4957.025 5.2316e-17
4958.550 5.1389e-17
4960.075 4.8814e-17
4961.600 4.4664e-17
4963.125 5.4891e-17
4964.650 5.6563e-17
4966.175 5.0758e-17
4967.700 5.0298e-17
4969.225 4.4334e-17
4970.750 4.6363e-17
4972.275 4.8714e-17
4973.800 5.1468e-17
4975.325 4.7928e-17
4976.850 4.313e-17
4978.375 4.3738e-17
4979.900 4.0275e-17
4981.425 5.216e-17
4982.950 4.826e-17
4984.475 4.3593e-17
4986.000 5.6735e-17
4987.525 4.8911e-17
4989.050 4.2775e-17
4990.575 4.6616e-17
4992.100 4.4196e-17
4993.625 4.3469e-17
4995.150 4.8627e-17
4996.675 5.3874e-17
4998.200 5.2336e-17
4999.725 4.5664e-17
5001.250 4.6504e-17
5002.775 4.7316e-17
5004.300 4.3819e-17
5005.825 4.3421e-17
5007.350 4.5776e-17
5008.875 4.473e-17
5010.400 5.1866e-17
5011.925 5.3074e-17
5013.450 4.3499e-17
5014.975 4.4119e-17
5016.500 4.9247e-17
5018.025 5.1286e-17
5019.550 4.7817e-17
5021.075 5.3625e-17
5022.600 5.438e-17
5024.125 5.4467e-17
5025.650 5.1904e-17
5027.175 5.1168e-17
5028.700 5.5328e-17
5030.225 5.6013e-17
5031.750 5.0177e-17
5033.275 4.6906e-17
5034.800 4.4988e-17
5036.325 4.803e-17
5037.850 5.2967e-17
5039.375 5.2013e-17
5040.900 5.4585e-17
5042.425 5.086e-17
5043.950 5.0037e-17
5045.475 4.8368e-17
5047.000 4.4783e-17
5048.525 4.5161e-17
5050.050 4.526e-17
5051.575 4.0412e-17
5053.100 4.1888e-17
5054.625 4.5593e-17
5056.150 5.0816e-17
5057.675 4.0694e-17
5059.200 4.4086e-17
5060.725 5.0498e-17
5062.250 4.7825e-17
5063.775 4.3506e-17
5065.300 4.6223e-17
5066.825 4.2405e-17
5068.350 4.9284e-17
5069.875 4.563e-17
5071.400 5.0761e-17
5072.925 4.8824e-17
5074.450 5.4491e-17
5075.975 5.1919e-17
5077.500 4.7806e-17
5079.025 5.3237e-17
5080.550 4.5935e-17
5082.075 4.969e-17
5083.600 4.7996e-17
5085.125 4.595e-17
5086.650 4.3647e-17
5088.175 4.8292e-17
5089.700 4.6892e-17
5091.225 4.2387e-17
5092.750 4.4456e-17
5094.275 5.027e-17
5095.800 4.9621e-17
5097.325 4.612e-17
5098.850 5.1612e-17
5100.375 5.4895e-17
5101.900 4.318e-17
5103.425 5.006e-17
5104.950 5.7074e-17
5106.475 5.2467e-17
5108.000 5.8203e-17
5109.525 5.4182e-17
5111.050 5.3091e-17
5112.575 5.4247e-17
5114.100 5.3867e-17
5115.625 5.0253e-17
5117.150 5.1364e-17
5118.675 4.8703e-17
5120.200 4.5605e-17
5121.725 5.7771e-17
5123.250 5.1851e-17
5124.775 4.7446e-17
5126.300 4.2899e-17
5127.825 4.9821e-17
5129.350 4.9129e-17
5130.875 3.9049e-17
5132.400 4.4367e-17
5133.925 4.6271e-17
5135.450 4.9139e-17
5136.975 5.4341e-17
5138.500 5.0384e-17
5140.025 4.8294e-17
5141.550 4.4835e-17
5143.075 4.9862e-17
5144.600 4.4299e-17
5146.125 3.8592e-17
5147.650 4.1118e-17
5149.175 4.6635e-17
5150.700 4.319e-17
5152.225 4.4164e-17
5153.750 4.9285e-17
5155.275 4.9826e-17
5156.800 4.4861e-17
5158.325 3.8614e-17
5159.850 3.3985e-17
5161.375 5.0316e-17
5162.900 5.2481e-17
5164.425 4.7952e-17
5165.950 5.5896e-17
5167.475 5.684e-17
5169.000 5.5509e-17
5170.525 5.6408e-17
5172.050 5.0787e-17
5173.575 4.5585e-17
5175.100 5.1185e-17
5176.625 4.4592e-17
5178.150 4.3255e-17
5179.675 4.9781e-17
5181.200 4.6646e-17
5182.725 4.1033e-17
5184.250 4.7036e-17
5185.775 5.2583e-17
5187.300 4.7577e-17
5188.825 4.1735e-17
5190.350 4.7638e-17
5191.875 5.0631e-17
5193.400 4.9459e-17
5194.925 4.4374e-17
5196.450 4.2027e-17
5197.975 4.1332e-17
5199.500 4.7887e-17
5201.025 4.7733e-17
5202.550 6.0869e-17
5204.075 5.1735e-17
5205.600 4.2622e-17
5207.125 4.6911e-17
5208.650 5.2071e-17
5210.175 4.2712e-17
5211.700 4.489e-17
5213.225 5.1703e-17
5214.750 5.153e-17
5216.275 4.973e-17
5217.800 4.045e-17
5219.325 3.668e-17
5220.850 4.8713e-17
5222.375 5.3704e-17
5223.900 4.812e-17
5225.425 4.3673e-17
5226.950 4.4188e-17
5228.475 3.7771e-17
5230.000 4.4947e-17
5231.525 4.436e-17
5233.050 4.645e-17
5234.575 4.8748e-17
5236.100 4.747e-17
5237.625 4.5179e-17
5239.150 4.5013e-17
5240.675 5.0674e-17
5242.200 3.5132e-17
5243.725 3.4894e-17
5245.250 4.0401e-17
5246.775 5.1426e-17
5248.300 4.4072e-17
5249.825 3.5135e-17
5251.350 3.7318e-17
5252.875 4.6291e-17
5254.400 4.0533e-17
5255.925 3.933e-17
5257.450 4.1018e-17
5258.975 4.9707e-17
5260.500 4.8197e-17
5262.025 4.7255e-17
5263.550 5.3154e-17
5265.075 5.2949e-17
5266.600 4.7766e-17
5268.125 4.1324e-17
5269.650 3.7184e-17
5271.175 3.4708e-17
5272.700 3.8255e-17
5274.225 4.7759e-17
5275.750 4.8306e-17
5277.275 4.5121e-17
5278.800 4.178e-17
5280.325 4.441e-17
5281.850 4.737e-17
5283.375 4.803e-17
5284.900 4.952e-17
5286.425 4.6579e-17
5287.950 3.9801e-17
5289.475 3.6554e-17
5291.000 4.3298e-17
5292.525 4.0019e-17
5294.050 5.0389e-17
5295.575 5.5794e-17
5297.100 5.2775e-17
5298.625 4.7973e-17
5300.150 4.9542e-17
5301.675 4.1742e-17
5303.200 3.7403e-17
5304.725 3.5939e-17
5306.250 3.5347e-17
5307.775 4.6571e-17
5309.300 5.0604e-17
5310.825 4.5585e-17
5312.350 4.1924e-17
5313.875 4.7423e-17
5315.400 4.5592e-17
5316.925 4.5159e-17
5318.450 4.0886e-17
5319.975 4.007e-17
5321.500 4.7961e-17
5323.025 4.3543e-17
5324.550 4.5115e-17
5326.075 4.2354e-17
5327.600 4.4436e-17
5329.125 4.5077e-17
5330.650 4.4396e-17
5332.175 4.2912e-17
5333.700 4.1705e-17
5335.225 4.1696e-17
5336.750 4.659e-17
5338.275 5.0907e-17
5339.800 4.9331e-17
5341.325 5.316e-17
5342.850 5.7588e-17
5344.375 5.3156e-17
5345.900 4.7617e-17
5347.425 4.4632e-17
5348.950 5.4714e-17
5350.475 5.236e-17
5352.000 4.3835e-17
5353.525 4.9949e-17
5355.050 4.9784e-17
5356.575 4.3865e-17
5358.100 4.0503e-17
5359.625 4.4686e-17
5361.150 5.1774e-17
5362.675 4.6149e-17
5364.200 3.8537e-17
5365.725 3.3003e-17
5367.250 3.5146e-17
5368.775 3.8135e-17
5370.300 4.5046e-17
5371.825 4.7075e-17
5373.350 4.6599e-17
5374.875 5.0279e-17
5376.400 4.6356e-17
5377.925 4.4627e-17
5379.450 3.8227e-17
5380.975 4.0157e-17
5382.500 4.7497e-17
5384.025 4.4327e-17
5385.550 4.3501e-17
5387.075 5.0338e-17
5388.600 5.5289e-17
5390.125 4.6508e-17
5391.650 4.5211e-17
5393.175 4.1754e-17
5394.700 3.8353e-17
5396.225 4.4232e-17
5397.750 4.479e-17
5399.275 4.8445e-17
5400.800 5.1486e-17
5402.325 4.0654e-17
5403.850 4.9576e-17
5405.375 5.525e-17
5406.900 6.2669e-17
5408.425 4.9949e-17
5409.950 4.2085e-17
5411.475 5.3772e-17
5413.000 4.6048e-17
5414.525 5.6473e-17
5416.050 5.0502e-17
5417.575 4.5454e-17
5419.100 5.5205e-17
5420.625 4.4616e-17
5422.150 5.0413e-17
5423.675 5.3064e-17
5425.200 5.038e-17
5426.725 4.6564e-17
5428.250 4.9068e-17
5429.775 5.0859e-17
5431.300 5.0286e-17
5432.825 4.4601e-17
5434.350 4.5552e-17
5435.875 3.9241e-17
5437.400 4.1677e-17
5438.925 4.3385e-17
5440.450 5.0921e-17
5441.975 6.5535e-17
5443.500 4.8825e-17
5445.025 5.5943e-17
5446.550 6.8845e-17
5448.075 5.7407e-17
5449.600 5.0155e-17
5451.125 5.3303e-17
5452.650 5.9088e-17
5454.175 5.0835e-17
5455.700 2.8949e-17
5457.225 3.0977e-17
5458.750 5.5719e-17
5460.275 5.6195e-17
5461.800 4.1033e-17
5463.325 3.651e-17
5464.850 3.799e-17
5466.375 5.0508e-17
5467.900 4.9518e-17
5469.425 4.9872e-17
5470.950 4.3444e-17
5472.475 3.8246e-17
5474.000 5.008e-17
5475.525 4.6695e-17
5477.050 4.7668e-17
5478.575 4.2303e-17
5480.100 4.9538e-17
5481.625 4.1734e-17
5483.150 6.1477e-17
5484.675 5.1914e-17
5486.200 4.0699e-17
5487.725 4.3463e-17
5489.250 4.8162e-17
5490.775 4.4427e-17
5492.300 3.7286e-17
5493.825 4.9203e-17
5495.350 3.6585e-17
5496.875 4.3833e-17
5498.400 5.1094e-17
5499.925 4.6201e-17
5501.450 4.5083e-17
5502.975 3.7967e-17
5504.500 4.1364e-17
5506.025 4.6468e-17
5507.550 4.7906e-17
5509.075 4.8329e-17
5510.600 4.6166e-17
5512.125 4.4826e-17
5513.650 4.9987e-17
5515.175 5.1753e-17
5516.700 5.1415e-17
5518.225 4.655e-17
5519.750 3.8139e-17
5521.275 3.8293e-17
5522.800 4.6757e-17
5524.325 4.5097e-17
5525.850 4.3425e-17
5527.375 4.5922e-17
5528.900 4.8928e-17
5530.425 4.9259e-17
5531.950 4.3529e-17
5533.475 4.0215e-17
5535.000 4.5067e-17
5536.525 4.2027e-17
5538.050 3.8581e-17
5539.575 4.1079e-17
5541.100 4.111e-17
5542.625 4.3289e-17
5544.150 5.2794e-17
5545.675 4.3594e-17
5547.200 4.1574e-17
5548.725 4.6502e-17
5550.250 4.02e-17
5551.775 4.0731e-17
5553.300 4.1875e-17
5554.825 4.0252e-17
5556.350 4.6122e-17
5557.875 5.1509e-17
5559.400 4.1442e-17
5560.925 3.605e-17
5562.450 4.0309e-17
5563.975 5.103e-17
5565.500 4.8449e-17
5567.025 4.3757e-17
5568.550 4.495e-17
5570.075 4.6583e-17
5571.600 4.5506e-17
5573.125 4.8771e-17
5574.650 6.1958e-17
5576.175 5.9234e-17
5577.700 4.8616e-17
5579.225 4.7801e-17
5580.750 5.0684e-17
5582.275 4.516e-17
5583.800 4.0507e-17
5585.325 4.3756e-17
5586.850 4.337e-17
5588.375 4.4928e-17
5589.900 4.4412e-17
5591.425 4.5608e-17
5592.950 4.3333e-17
5594.475 4.4974e-17
5596.000 4.3615e-17
5597.525 3.7956e-17
5599.050 3.9878e-17
5600.575 4.6983e-17
5602.100 4.9679e-17
5603.625 4.692e-17
5605.150 4.4627e-17
5606.675 4.5962e-17
5608.200 4.487e-17
5609.725 4.7191e-17
5611.250 4.9822e-17
5612.775 4.7252e-17
5614.300 4.8055e-17
5615.825 4.6363e-17
5617.350 5.0983e-17
5618.875 4.9595e-17
5620.400 4.7195e-17
5621.925 4.6211e-17
5623.450 4.7685e-17
5624.975 4.4649e-17
5626.500 4.4239e-17
5628.025 4.5381e-17
5629.550 4.4869e-17
5631.075 4.7413e-17
5632.600 5.1015e-17
5634.125 4.6748e-17
5635.650 4.4092e-17
5637.175 4.7021e-17
5638.700 4.867e-17
5640.225 4.7859e-17
5641.750 5.1111e-17
5643.275 4.9294e-17
5644.800 4.9905e-17
5646.325 4.8986e-17
5647.850 4.776e-17
5649.375 5.096e-17
5650.900 4.6671e-17
5652.425 4.218e-17
5653.950 4.6002e-17
5655.475 4.3178e-17
5657.000 4.2427e-17
5658.525 4.4715e-17
5660.050 4.4394e-17
5661.575 4.8587e-17
5663.100 4.5641e-17
5664.625 4.174e-17
5666.150 4.461e-17
5667.675 4.355e-17
5669.200 4.1383e-17
5670.725 4.1977e-17
5672.250 4.4646e-17
5673.775 4.0082e-17
5675.300 4.0547e-17
5676.825 4.4435e-17
5678.350 4.4499e-17
5679.875 4.6697e-17
5681.400 4.6607e-17
5682.925 5.3801e-17
5684.450 4.9327e-17
5685.975 4.1655e-17
5687.500 4.2152e-17
5689.025 4.5384e-17
5690.550 3.9974e-17
5692.075 4.2904e-17
5693.600 4.863e-17
5695.125 4.4795e-17
5696.650 4.3682e-17
5698.175 4.4261e-17
5699.700 4.1738e-17
5701.225 4.059e-17
5702.750 4.6615e-17
5704.275 4.5344e-17
5705.800 4.338e-17
5707.325 4.4796e-17
5708.850 4.1943e-17
5710.375 4.6183e-17
5711.900 4.6196e-17
5713.425 4.2306e-17
5714.950 4.2579e-17
5716.475 4.0094e-17
5718.000 4.2477e-17
5719.525 4.4105e-17
5721.050 4.5087e-17
5722.575 4.514e-17
5724.100 4.3276e-17
5725.625 4.4048e-17
5727.150 4.7307e-17
5728.675 4.2401e-17
5730.200 4.2718e-17
5731.725 4.6308e-17
5733.250 4.6517e-17
5734.775 5.1791e-17
5736.300 5.2584e-17
5737.825 4.5924e-17
5739.350 4.4282e-17
5740.875 4.2684e-17
5742.400 3.8365e-17
5743.925 3.8711e-17
5745.450 4.6397e-17
5746.975 4.6132e-17
5748.500 4.5909e-17
5750.025 4.7317e-17
5751.550 4.2249e-17
5753.075 4.0128e-17
5754.600 4.4261e-17
5756.125 4.4656e-17
5757.650 4.5312e-17
5759.175 4.5542e-17
5760.700 4.5782e-17
5762.225 4.7105e-17
5763.750 4.753e-17
5765.275 4.5603e-17
5766.800 4.7066e-17
5768.325 4.0983e-17
5769.850 4.3733e-17
5771.375 4.6516e-17
5772.900 4.7244e-17
5774.425 4.5317e-17
5775.950 4.7831e-17
5777.475 4.5691e-17
5779.000 3.8309e-17
5780.525 4.0652e-17
5782.050 4.2848e-17
5783.575 4.3894e-17
5785.100 4.5417e-17
5786.625 4.4904e-17
5788.150 4.5396e-17
5789.675 4.6916e-17
5791.200 4.3662e-17
5792.725 4.0215e-17
5794.250 4.4285e-17
5795.775 4.5107e-17
5797.300 4.7254e-17
5798.825 4.7881e-17
5800.350 4.7011e-17
5801.875 4.5574e-17
5803.400 4.2406e-17
5804.925 4.0482e-17
5806.450 4.3004e-17
5807.975 4.0901e-17
5809.500 4.1999e-17
5811.025 4.6888e-17
5812.550 4.5725e-17
5814.075 4.2876e-17
5815.600 4.0858e-17
5817.125 3.4928e-17
5818.650 3.8228e-17
5820.175 4.4626e-17
5821.700 4.1971e-17
5823.225 4.0962e-17
5824.750 4.1337e-17
5826.275 4.0746e-17
5827.800 4.1217e-17
5829.325 4.1598e-17
5830.850 4.1048e-17
5832.375 3.9921e-17
5833.900 4.2751e-17
5835.425 4.2693e-17
5836.950 3.7986e-17
5838.475 3.7492e-17
5840.000 3.8674e-17
5841.525 4.0751e-17
5843.050 3.7019e-17
5844.575 3.9242e-17
5846.100 4.4533e-17
5847.625 4.5011e-17
5849.150 4.424e-17
5850.675 4.4317e-17
5852.200 4.2752e-17
5853.725 4.1531e-17
5855.250 4.0362e-17
5856.775 3.9986e-17
5858.300 4.4599e-17
5859.825 4.3524e-17
5861.350 3.6409e-17
5862.875 3.7741e-17
5864.400 4.1772e-17
5865.925 3.8835e-17
5867.450 3.7346e-17
5868.975 4.2719e-17
5870.500 4.6559e-17
5872.025 4.5261e-17
5873.550 3.8449e-17
5875.075 3.9552e-17
5876.600 4.2104e-17
5878.125 4.072e-17
5879.650 4.3103e-17
5881.175 4.0386e-17
5882.700 3.4713e-17
5884.225 3.8739e-17
5885.750 4.0225e-17
5887.275 4.2895e-17
5888.800 4.2078e-17
5890.325 3.8694e-17
5891.850 4.1369e-17
5893.375 4.0223e-17
5894.900 3.5854e-17
5896.425 4.1287e-17
5897.950 4.2348e-17
5899.475 3.3772e-17
5901.000 3.3089e-17
5902.525 3.7407e-17
5904.050 3.8032e-17
5905.575 3.5795e-17
5907.100 3.6256e-17
5908.625 3.6017e-17
5910.150 3.6147e-17
5911.675 3.918e-17
5913.200 3.7659e-17
5914.725 3.9347e-17
5916.250 3.7873e-17
5917.775 3.6471e-17
5919.300 3.7992e-17
5920.825 3.7911e-17
5922.350 4.139e-17
5923.875 4.2218e-17
5925.400 3.7144e-17
5926.925 3.6547e-17
5928.450 3.9895e-17
5929.975 3.7256e-17
5931.500 3.7221e-17
5933.025 4.1366e-17
5934.550 3.9205e-17
5936.075 3.8732e-17
5937.600 3.7215e-17
5939.125 3.5479e-17
5940.650 3.8167e-17
5942.175 4.181e-17
5943.700 4.1127e-17
5945.225 3.995e-17
5946.750 3.8894e-17
5948.275 3.7204e-17
5949.800 3.9846e-17
5951.325 4.0129e-17
5952.850 3.8051e-17
5954.375 3.8479e-17
5955.900 3.5162e-17
5957.425 3.7634e-17
5958.950 4.1983e-17
5960.475 3.9509e-17
5962.000 3.5558e-17
5963.525 3.7336e-17
5965.050 3.6782e-17
5966.575 3.5461e-17
5968.100 3.8687e-17
5969.625 3.3498e-17
5971.150 3.0837e-17
5972.675 3.6092e-17
5974.200 3.7684e-17
5975.725 3.5441e-17
5977.250 3.555e-17
5978.775 3.6432e-17
5980.300 3.738e-17
5981.825 3.9426e-17
5983.350 3.9716e-17
5984.875 3.971e-17
5986.400 3.77e-17
5987.925 3.7412e-17
5989.450 3.757e-17
5990.975 3.5183e-17
5992.500 3.1663e-17
5994.025 3.3499e-17
5995.550 3.9427e-17
5997.075 3.8619e-17
5998.600 3.8136e-17
6000.125 3.4832e-17
6001.650 3.3407e-17
6003.175 3.9301e-17
6004.700 3.9344e-17
6006.225 3.8105e-17
6007.750 4.2044e-17
6009.275 3.9754e-17
6010.800 3.4648e-17
6012.325 3.1036e-17
6013.850 3.2303e-17
6015.375 3.9107e-17
6016.900 3.8817e-17
6018.425 3.5919e-17
6019.950 4.0173e-17
6021.475 3.7296e-17
6023.000 3.2829e-17
6024.525 3.5482e-17
6026.050 3.5738e-17
6027.575 3.0262e-17
6029.100 3.1936e-17
6030.625 3.657e-17
6032.150 3.7957e-17
6033.675 4.0314e-17
6035.200 4.0538e-17
6036.725 4.1579e-17
6038.250 4.1064e-17
6039.775 3.7194e-17
6041.300 3.7784e-17
6042.825 3.882e-17
6044.350 3.6831e-17
6045.875 3.8069e-17
6047.400 3.8684e-17
6048.925 3.5816e-17
6050.450 3.4998e-17
6051.975 3.8116e-17
6053.500 3.8404e-17
6055.025 3.8513e-17
6056.550 4.047e-17
6058.075 3.8946e-17
6059.600 3.9079e-17
6061.125 3.6296e-17
6062.650 3.5546e-17
6064.175 3.8681e-17
6065.700 3.9658e-17
6067.225 3.6974e-17
6068.750 3.368e-17
6070.275 3.5403e-17
6071.800 3.7668e-17
6073.325 3.6029e-17
6074.850 3.5721e-17
6076.375 3.4306e-17
6077.900 3.3371e-17
6079.425 3.5211e-17
6080.950 3.5764e-17
6082.475 3.595e-17
6084.000 3.5324e-17
6085.525 3.6862e-17
6087.050 3.9986e-17
6088.575 3.9351e-17
6090.100 3.9598e-17
6091.625 4.088e-17
6093.150 4.043e-17
6094.675 4.1288e-17
6096.200 3.757e-17
6097.725 3.1801e-17
6099.250 3.2568e-17
6100.775 3.3096e-17
6102.300 3.3236e-17
6103.825 3.5131e-17
6105.350 3.6246e-17
6106.875 3.5689e-17
6108.400 3.574e-17
6109.925 3.7359e-17
6111.450 3.7901e-17
6112.975 4.0215e-17
6114.500 4.3146e-17
6116.025 4.4507e-17
6117.550 4.4765e-17
6119.075 4.1512e-17
6120.600 3.7061e-17
6122.125 3.6248e-17
6123.650 3.8829e-17
6125.175 3.9198e-17
6126.700 3.7042e-17
6128.225 3.7881e-17
6129.750 3.9898e-17
6131.275 3.7796e-17
6132.800 3.47e-17
6134.325 3.7627e-17
6135.850 4.1952e-17
6137.375 3.9671e-17
6138.900 3.9325e-17
6140.425 3.9037e-17
6141.950 3.7977e-17
6143.475 4.1012e-17
6145.000 4.0766e-17
6146.525 4.0102e-17
6148.050 4.2329e-17
6149.575 4.0017e-17
6151.100 3.9878e-17
6152.625 4.4699e-17
6154.150 4.3696e-17
6155.675 4.2344e-17
6157.200 4.365e-17
6158.725 4.2525e-17
6160.250 3.8737e-17
6161.775 3.9195e-17
6163.300 4.1177e-17
6164.825 4.1093e-17
6166.350 4.018e-17
6167.875 4.2069e-17
6169.400 4.2562e-17
6170.925 3.8132e-17
6172.450 3.7221e-17
6173.975 3.9856e-17
6175.500 4.1889e-17
6177.025 4.1777e-17
6178.550 3.9837e-17
6180.075 3.7518e-17
6181.600 3.7265e-17
6183.125 4.0518e-17
6184.650 3.98e-17
6186.175 4.0252e-17
6187.700 4.3042e-17
6189.225 4.0117e-17
6190.750 3.6848e-17
6192.275 3.8654e-17
6193.800 3.8426e-17
6195.325 4.0202e-17
6196.850 4.3005e-17
6198.375 4.0948e-17
6199.900 4.0298e-17
6201.425 3.8256e-17
6202.950 3.677e-17
6204.475 4.0232e-17
6206.000 4.0479e-17
6207.525 4.2308e-17
6209.050 4.3268e-17
6210.575 4.1001e-17
6212.100 4.0085e-17
6213.625 3.6432e-17
6215.150 3.5556e-17
6216.675 4.1298e-17
6218.200 4.3252e-17
6219.725 4.1102e-17
6221.250 4.2371e-17
6222.775 4.0622e-17
6224.300 3.5398e-17
6225.825 3.7324e-17
6227.350 4.013e-17
6228.875 4.1822e-17
6230.400 4.2723e-17
6231.925 4.3033e-17
6233.450 4.4512e-17
6234.975 4.3508e-17
6236.500 3.8761e-17
6238.025 3.875e-17
6239.550 4.066e-17
6241.075 3.8416e-17
6242.600 3.795e-17
6244.125 3.9665e-17
6245.650 4.0245e-17
6247.175 4.1257e-17
6248.700 4.0725e-17
6250.225 4.2235e-17
6251.750 4.4518e-17
6253.275 4.4992e-17
6254.800 4.2889e-17
6256.325 4.3023e-17
6257.850 4.2533e-17
6259.375 4.1372e-17
6260.900 3.6296e-17
6262.425 3.4818e-17
6263.950 3.9311e-17
6265.475 4.1502e-17
6267.000 4.0994e-17
6268.525 3.9217e-17
6270.050 3.9518e-17
6271.575 4.1454e-17
6273.100 4.4186e-17
6274.625 4.2685e-17
6276.150 3.7514e-17
6277.675 3.7074e-17
6279.200 4.1775e-17
6280.725 4.2679e-17
6282.250 4.0777e-17
6283.775 4.1952e-17
6285.300 4.3036e-17
6286.825 4.4304e-17
6288.350 4.4602e-17
6289.875 4.2743e-17
6291.400 4.0087e-17
6292.925 3.7924e-17
6294.450 3.7744e-17
6295.975 3.9364e-17
6297.500 4.3854e-17
6299.025 4.2774e-17
6300.550 3.8272e-17
6302.075 3.9067e-17
6303.600 4.1248e-17
6305.125 4.0545e-17
6306.650 4.1057e-17
6308.175 4.3815e-17
6309.700 4.4452e-17
6311.225 4.1965e-17
6312.750 3.8294e-17
6314.275 3.8871e-17
6315.800 3.7425e-17
6317.325 3.9611e-17
6318.850 4.31e-17
6320.375 3.8531e-17
6321.900 3.7159e-17
6323.425 4.0341e-17
6324.950 4.1444e-17
6326.475 4.3758e-17
6328.000 4.4101e-17
6329.525 4.1692e-17
6331.050 4.0289e-17
6332.575 3.9636e-17
6334.100 4.0214e-17
6335.625 4.0436e-17
6337.150 3.8384e-17
6338.675 4.0465e-17
6340.200 4.5883e-17
6341.725 4.5746e-17
6343.250 4.2457e-17
6344.775 4.267e-17
6346.300 4.565e-17
6347.825 4.2116e-17
6349.350 3.9959e-17
6350.875 4.027e-17
6352.400 4.1152e-17
6353.925 3.8739e-17
6355.450 3.9023e-17
6356.975 4.1118e-17
6358.500 4.1786e-17
6360.025 3.9648e-17
6361.550 4.3033e-17
6363.075 5.1767e-17
6364.600 5.0283e-17
6366.125 4.0242e-17
6367.650 3.7947e-17
6369.175 4.0263e-17
6370.700 3.9858e-17
6372.225 4.0029e-17
6373.750 4.0629e-17
6375.275 4.0718e-17
6376.800 4.0533e-17
6378.325 3.9475e-17
6379.850 3.8909e-17
6381.375 3.7972e-17
6382.900 3.9152e-17
6384.425 4.3422e-17
6385.950 3.9843e-17
6387.475 3.8936e-17
6389.000 4.1906e-17
6390.525 4.2121e-17
6392.050 4.4667e-17
6393.575 4.3322e-17
6395.100 4.0575e-17
6396.625 4.1689e-17
6398.150 4.2604e-17
6399.675 3.802e-17
6401.200 3.5727e-17
6402.725 3.8132e-17
6404.250 3.9831e-17
6405.775 4.2887e-17
6407.300 4.4367e-17
6408.825 4.1429e-17
6410.350 4.1516e-17
6411.875 3.9164e-17
6413.400 3.4914e-17
6414.925 3.6592e-17
6416.450 3.8753e-17
6417.975 4.0796e-17
6419.500 4.0306e-17
6421.025 3.8458e-17
6422.550 3.8503e-17
6424.075 3.8976e-17
6425.600 3.8463e-17
6427.125 3.7845e-17
6428.650 3.7861e-17
6430.175 3.7477e-17
6431.700 3.8331e-17
6433.225 3.9718e-17
6434.750 3.9183e-17
6436.275 3.6481e-17
6437.800 3.5364e-17
6439.325 3.5533e-17
6440.850 3.6406e-17
6442.375 3.7722e-17
6443.900 3.7343e-17
6445.425 3.8961e-17
6446.950 4.2496e-17
6448.475 4.1513e-17
6450.000 3.9862e-17
6451.525 3.7857e-17
6453.050 3.6694e-17
6454.575 3.671e-17
6456.100 3.8296e-17
6457.625 3.8292e-17
6459.150 3.887e-17
6460.675 3.9789e-17
6462.200 4.0476e-17
6463.725 3.8581e-17
6465.250 3.7659e-17
6466.775 3.6157e-17
6468.300 3.8304e-17
6469.825 3.5633e-17
6471.350 3.5323e-17
6472.875 3.6594e-17
6474.400 3.4179e-17
6475.925 3.8091e-17
6477.450 3.6758e-17
6478.975 3.0885e-17
6480.500 3.3844e-17
6482.025 3.6251e-17
6483.550 3.7756e-17
6485.075 3.9008e-17
6486.600 4.0576e-17
6488.125 3.8628e-17
6489.650 3.7193e-17
6491.175 3.4702e-17
6492.700 3.1349e-17
6494.225 3.2473e-17
6495.750 3.5122e-17
6497.275 3.8245e-17
6498.800 4.0028e-17
6500.325 3.8284e-17
6501.850 3.3167e-17
6503.375 3.2625e-17
6504.900 3.5819e-17
6506.425 3.778e-17
6507.950 3.8247e-17
6509.475 3.4639e-17
6511.000 2.9346e-17
6512.525 3.0184e-17
6514.050 3.2561e-17
6515.575 3.5379e-17
6517.100 3.5162e-17
6518.625 3.5828e-17
6520.150 3.5376e-17
6521.675 3.5039e-17
6523.200 3.307e-17
6524.725 3.5868e-17
6526.250 3.5282e-17
6527.775 3.3687e-17
6529.300 3.5272e-17
6530.825 3.686e-17
6532.350 3.5503e-17
6533.875 3.8476e-17
6535.400 3.4097e-17
6536.925 3.0718e-17
6538.450 3.4269e-17
6539.975 3.4452e-17
6541.500 3.3519e-17
6543.025 3.6964e-17
6544.550 3.5997e-17
6546.075 3.2795e-17
6547.600 3.1204e-17
6549.125 3.107e-17
6550.650 3.3266e-17
6552.175 3.463e-17
6553.700 3.384e-17
6555.225 3.143e-17
6556.750 3.2266e-17
6558.275 3.6405e-17
6559.800 3.9682e-17
6561.325 3.9509e-17
6562.850 4.0828e-17
6564.375 4.097e-17
6565.900 3.8117e-17
6567.425 3.7085e-17
6568.950 3.8817e-17
6570.475 3.882e-17
6572.000 3.6549e-17
6573.525 3.3425e-17
6575.050 3.4701e-17
6576.575 3.3137e-17
6578.100 3.2125e-17
6579.625 3.3936e-17
6581.150 3.4451e-17
6582.675 3.3107e-17
6584.200 3.1669e-17
6585.725 2.9764e-17
6587.250 3.1494e-17
6588.775 3.1218e-17
6590.300 3.1478e-17
6591.825 3.2956e-17
6593.350 3.2947e-17
6594.875 3.3406e-17
6596.400 3.2008e-17
6597.925 2.9526e-17
6599.450 2.9367e-17
6600.975 2.8716e-17
6602.500 3.0559e-17
6604.025 2.9349e-17
6605.550 3.0168e-17
6607.075 3.3561e-17
6608.600 3.1394e-17
6610.125 2.8064e-17
6611.650 2.8388e-17
6613.175 2.9913e-17
6614.700 2.8995e-17
6616.225 3.0234e-17
6617.750 3.2912e-17
6619.275 3.403e-17
6620.800 3.3361e-17
6622.325 3.245e-17
6623.850 3.1212e-17
6625.375 3.0756e-17
6626.900 3.2755e-17
6628.425 3.2142e-17
6629.950 3.0804e-17
6631.475 2.9695e-17
6633.000 3.1744e-17
6634.525 3.3742e-17
6636.050 3.0408e-17
6637.575 2.7814e-17
6639.100 2.7563e-17
6640.625 2.7573e-17
6642.150 2.6327e-17
6643.675 2.7727e-17
6645.200 3.0709e-17
6646.725 3.0108e-17
6648.250 2.8224e-17
6649.775 2.9175e-17
6651.300 3.1532e-17
6652.825 3.1027e-17
6654.350 3.2923e-17
6655.875 3.4588e-17
6657.400 3.4119e-17
6658.925 3.0403e-17
6660.450 2.726e-17
6661.975 3.0241e-17
6663.500 3.1189e-17
6665.025 2.9354e-17
6666.550 2.8926e-17
6668.075 3.0285e-17
6669.600 3.1004e-17
6671.125 2.9915e-17
6672.650 2.9134e-17
6674.175 2.9276e-17
6675.700 3.016e-17
6677.225 3.1374e-17
6678.750 2.9283e-17
6680.275 2.7625e-17
6681.800 3.031e-17
6683.325 3.2871e-17
6684.850 3.1411e-17
6686.375 2.9322e-17
6687.900 2.9921e-17
6689.425 2.9146e-17
6690.950 2.9728e-17
6692.475 2.9771e-17
6694.000 2.8197e-17
6695.525 2.9836e-17
6697.050 3.1473e-17
6698.575 2.9623e-17
6700.100 2.9769e-17
6701.625 3.1176e-17
6703.150 2.8564e-17
6704.675 2.8105e-17
6706.200 3.2132e-17
6707.725 3.1882e-17
6709.250 2.8372e-17
6710.775 2.6961e-17
6712.300 2.7209e-17
6713.825 2.8388e-17
6715.350 3.0548e-17
6716.875 3.1057e-17
6718.400 2.9478e-17
6719.925 2.8595e-17
6721.450 2.94e-17
6722.975 2.9315e-17
6724.500 2.6518e-17
6726.025 2.496e-17
6727.550 2.7514e-17
6729.075 3.1248e-17
6730.600 3.2064e-17
6732.125 3.065e-17
6733.650 2.8025e-17
6735.175 2.9759e-17
6736.700 3.4357e-17
6738.225 3.3494e-17
6739.750 3.027e-17
6741.275 2.9654e-17
6742.800 2.9804e-17
6744.325 3.1296e-17
6745.850 3.1302e-17
6747.375 2.6783e-17
6748.900 2.7718e-17
6750.425 3.0693e-17
6751.950 2.9346e-17
6753.475 2.803e-17
6755.000 2.676e-17
6756.525 2.7742e-17
6758.050 2.7528e-17
6759.575 2.6806e-17
6761.100 2.7347e-17
6762.625 3.1707e-17
6764.150 2.8744e-17
6765.675 2.7914e-17
6767.200 3.091e-17
6768.725 2.8549e-17
6770.250 2.622e-17
6771.775 2.7636e-17
6773.300 2.8821e-17
6774.825 2.8165e-17
6776.350 2.9457e-17
6777.875 3.0691e-17
6779.400 3.0939e-17
6780.925 3.2583e-17
6782.450 3.1203e-17
6783.975 2.7815e-17
6785.500 2.9221e-17
6787.025 3.1132e-17
6788.550 3.1072e-17
6790.075 3.2149e-17
6791.600 3.0633e-17
6793.125 2.9617e-17
6794.650 2.9619e-17
6796.175 2.8512e-17
6797.700 2.8828e-17
6799.225 2.9807e-17
6800.750 2.9432e-17
6802.275 2.7833e-17
6803.800 2.8986e-17
6805.325 3.0225e-17
6806.850 3.0335e-17
6808.375 3.2323e-17
6809.900 3.2926e-17
6811.425 3.0905e-17
6812.950 2.9637e-17
6814.475 2.9736e-17
6816.000 2.9618e-17
6817.525 2.9681e-17
6819.050 3.1583e-17
6820.575 3.4379e-17
6822.100 3.1621e-17
6823.625 2.8912e-17
6825.150 3.0381e-17
6826.675 2.9854e-17
6828.200 3.1507e-17
6829.725 3.2882e-17
6831.250 3.193e-17
6832.775 3.0814e-17
6834.300 3.1275e-17
6835.825 2.8585e-17
6837.350 2.7289e-17
6838.875 2.91e-17
6840.400 3.0331e-17
6841.925 3.1089e-17
6843.450 2.8434e-17
6844.975 3.0251e-17
6846.500 3.1285e-17
6848.025 2.8286e-17
6849.550 2.7814e-17
6851.075 2.9371e-17
6852.600 2.8343e-17
6854.125 2.7108e-17
6855.650 2.9542e-17
6857.175 2.8648e-17
6858.700 2.6453e-17
6860.225 2.7848e-17
6861.750 2.9024e-17
6863.275 3.2748e-17
6864.800 3.2711e-17
6866.325 3.2721e-17
6867.850 3.0071e-17
6869.375 2.7882e-17
6870.900 3.0141e-17
6872.425 3.1691e-17
6873.950 3.1094e-17
6875.475 2.8514e-17
6877.000 2.9615e-17
6878.525 3.068e-17
6880.050 2.7388e-17
6881.575 2.8939e-17
6883.100 2.9189e-17
6884.625 3.0037e-17
6886.150 3.0083e-17
6887.675 3.0752e-17
6889.200 2.9481e-17
6890.725 2.9934e-17
6892.250 2.8282e-17
6893.775 2.6114e-17
6895.300 2.5711e-17
6896.825 2.4777e-17
6898.350 2.6097e-17
6899.875 2.7187e-17
6901.400 2.8821e-17
6902.925 3.1384e-17
6904.450 2.8174e-17
6905.975 2.6475e-17
6907.500 2.8433e-17
6909.025 2.9732e-17
6910.550 3.1075e-17
6912.075 3.1379e-17
6913.600 2.9258e-17
6915.125 2.8083e-17
6916.650 2.9918e-17
6918.175 3.0512e-17
6919.700 2.9016e-17
6921.225 2.8518e-17
6922.750 2.9429e-17
6924.275 2.9509e-17
6925.800 3.0841e-17
6927.325 2.9912e-17
6928.850 2.6372e-17
6930.375 2.7261e-17
6931.900 2.8052e-17
6933.425 2.7919e-17
6934.950 2.9614e-17
6936.475 3.1285e-17
6938.000 3.2655e-17
6939.525 3.4037e-17
6941.050 3.4472e-17
6942.575 3.2956e-17
6944.100 3.237e-17
6945.625 3.267e-17
6947.150 3.2406e-17
6948.675 3.1411e-17
6950.200 2.8865e-17
6951.725 2.788e-17
6953.250 2.9105e-17
6954.775 2.9067e-17
6956.300 3.1139e-17
6957.825 3.1985e-17
6959.350 2.9186e-17
6960.875 2.8354e-17
6962.400 2.9406e-17
6963.925 2.9417e-17
6965.450 2.8279e-17
6966.975 2.6379e-17
6968.500 2.6497e-17
6970.025 2.8404e-17
6971.550 2.9778e-17
6973.075 3.0843e-17
6974.600 3.1556e-17
6976.125 3.1531e-17
6977.650 2.8564e-17
6979.175 2.7136e-17
6980.700 2.8525e-17
6982.225 3.1139e-17
6983.750 3.2548e-17
6985.275 3.0986e-17
6986.800 2.8492e-17
6988.325 2.9021e-17
6989.850 2.7012e-17
6991.375 2.5873e-17
6992.900 3.0868e-17
6994.425 3.1926e-17
6995.950 3.0087e-17
6997.475 3.0587e-17
6999.000 3.0681e-17
7000.525 3.1051e-17
7002.050 3.5776e-17
7003.575 3.6879e-17
7005.100 3.5783e-17
7006.625 3.2933e-17
7008.150 3.0643e-17
7009.675 2.9774e-17
7011.200 3.0875e-17
7012.725 3.1923e-17
7014.250 3.2342e-17
7015.775 3.2638e-17
7017.300 3.1554e-17
7018.825 3.0041e-17
7020.350 2.6849e-17
7021.875 2.6934e-17
7023.400 3.1152e-17
7024.925 3.1285e-17
7026.450 2.8107e-17
7027.975 2.7869e-17
7029.500 2.707e-17
7031.025 2.5681e-17
7032.550 2.7021e-17
7034.075 2.8555e-17
7035.600 2.7927e-17
7037.125 2.9701e-17
7038.650 3.0695e-17
7040.175 2.9191e-17
7041.700 3.0595e-17
7043.225 2.9611e-17
7044.750 3.1672e-17
7046.275 3.2976e-17
7047.800 3.367e-17
7049.325 3.2816e-17
7050.850 3.0141e-17
7052.375 2.7515e-17
7053.900 2.6778e-17
7055.425 2.8349e-17
7056.950 3.0997e-17
7058.475 3.2733e-17
7060.000 3.087e-17
7061.525 2.9073e-17
7063.050 2.9768e-17
7064.575 3.1176e-17
7066.100 3.0799e-17
7067.625 3.2442e-17
7069.150 3.0929e-17
7070.675 2.7982e-17
7072.200 3.0109e-17
7073.725 3.0553e-17
7075.250 2.8463e-17
7076.775 3.0078e-17
7078.300 3.1152e-17
7079.825 2.9836e-17
7081.350 2.8933e-17
7082.875 2.8105e-17
7084.400 2.9086e-17
7085.925 3.1542e-17
7087.450 3.455e-17
7088.975 3.41e-17
7090.500 3.2556e-17
7092.025 3.1481e-17
7093.550 3.033e-17
7095.075 2.8901e-17
7096.600 2.9506e-17
7098.125 3.2282e-17
7099.650 3.3722e-17
7101.175 3.1094e-17
7102.700 3.1378e-17
7104.225 2.9605e-17
7105.750 2.9356e-17
7107.275 3.1859e-17
7108.800 3.1493e-17
7110.325 3.0887e-17
7111.850 3.1735e-17
7113.375 3.2404e-17
7114.900 3.2073e-17
7116.425 3.0414e-17
7117.950 3.0068e-17
7119.475 3.1664e-17
7121.000 3.1908e-17
7122.525 3.219e-17
7124.050 3.1217e-17
7125.575 3.0356e-17
7127.100 2.975e-17
7128.625 3.2052e-17
7130.150 3.4244e-17
7131.675 3.2731e-17
7133.200 3.0911e-17
7134.725 2.9826e-17
7136.250 3.1476e-17
7137.775 3.1736e-17
7139.300 3.0971e-17
7140.825 3.0729e-17
7142.350 3.0999e-17
7143.875 3.141e-17
7145.400 3.0781e-17
7146.925 3.2797e-17
7148.450 3.3692e-17
7149.975 3.0656e-17
7151.500 3.1258e-17
7153.025 3.3377e-17
7154.550 3.2075e-17
7156.075 3.1986e-17
7157.600 3.1041e-17
7159.125 3.0439e-17
7160.650 3.374e-17
7162.175 3.4252e-17
7163.700 2.9046e-17
7165.225 2.6083e-17
7166.750 2.6916e-17
7168.275 2.8359e-17
7169.800 2.9937e-17
7171.325 3.067e-17
7172.850 3.3023e-17
7174.375 3.2584e-17
7175.900 2.9334e-17
7177.425 2.8831e-17
7178.950 2.9225e-17
7180.475 3.0478e-17
7182.000 3.1512e-17
7183.525 3.0532e-17
7185.050 2.9648e-17
7186.575 3.2921e-17
7188.100 3.4396e-17
7189.625 3.3459e-17
7191.150 3.0952e-17
7192.675 2.9917e-17
7194.200 3.0979e-17
7195.725 3.0133e-17
7197.250 2.8353e-17
7198.775 2.9947e-17
7200.300 3.2954e-17
7201.825 3.1677e-17
7203.350 3.1732e-17
7204.875 3.029e-17
7206.400 2.8879e-17
7207.925 2.9669e-17
7209.450 3.0064e-17
7210.975 3.1005e-17
7212.500 3.2695e-17
7214.025 3.4562e-17
7215.550 3.3e-17
7217.075 3.24e-17
7218.600 3.0515e-17
7220.125 2.6321e-17
7221.650 2.9196e-17
7223.175 3.1606e-17
7224.700 3.2851e-17
7226.225 3.0571e-17
7227.750 2.9982e-17
7229.275 2.9384e-17
7230.800 2.8472e-17
7232.325 2.8101e-17
7233.850 2.7486e-17
7235.375 2.7904e-17
7236.900 2.7245e-17
7238.425 2.5124e-17
7239.950 3.0905e-17
7241.475 3.6138e-17
7243.000 3.6238e-17
7244.525 3.4264e-17
7246.050 2.8897e-17
7247.575 2.8777e-17
7249.100 3.2696e-17
7250.625 3.3482e-17
7252.150 3.1478e-17
7253.675 3.1943e-17
7255.200 2.913e-17
7256.725 2.973e-17
7258.250 3.1819e-17
7259.775 3.2368e-17
7261.300 3.1478e-17
7262.825 2.9932e-17
7264.350 2.7943e-17
7265.875 2.8132e-17
7267.400 2.9147e-17
7268.925 2.8172e-17
7270.450 2.8987e-17
7271.975 2.8277e-17
7273.500 2.8808e-17
7275.025 3.1974e-17
7276.550 3.0956e-17
7278.075 2.7072e-17
7279.600 2.7955e-17
7281.125 3.0047e-17
7282.650 2.9318e-17
7284.175 3.0644e-17
7285.700 2.9028e-17
7287.225 2.4135e-17
7288.750 2.7088e-17
7290.275 3.0538e-17
7291.800 2.966e-17
7293.325 2.9875e-17
7294.850 3.0002e-17
7296.375 3.1357e-17
7297.900 3.3606e-17
7299.425 3.0707e-17
7300.950 3.1168e-17
7302.475 3.1211e-17
7304.000 2.8081e-17
7305.525 2.9911e-17
7307.050 2.9893e-17
7308.575 2.7512e-17
7310.100 2.8211e-17
7311.625 2.9688e-17
7313.150 2.8271e-17
7314.675 2.4443e-17
7316.200 2.5802e-17
7317.725 2.9963e-17
7319.250 2.983e-17
7320.775 2.6885e-17
7322.300 2.7628e-17
7323.825 3.0984e-17
7325.350 3.0457e-17
7326.875 2.9914e-17
7328.400 3.0217e-17
7329.925 3.101e-17
7331.450 3.2073e-17
7332.975 3.056e-17
7334.500 2.9042e-17
7336.025 3.0745e-17
7337.550 3.3195e-17
7339.075 3.2574e-17
7340.600 2.8746e-17
7342.125 2.5501e-17
7343.650 2.6807e-17
7345.175 2.8262e-17
7346.700 2.7099e-17
7348.225 2.6622e-17
7349.750 2.7601e-17
7351.275 2.9124e-17
7352.800 2.8603e-17
7354.325 2.5792e-17
7355.850 2.6278e-17
7357.375 2.7987e-17
7358.900 3.0352e-17
7360.425 2.9976e-17
7361.950 2.8547e-17
7363.475 2.4756e-17
7365.000 2.8471e-17
7366.525 3.1963e-17
7368.050 3.0838e-17
7369.575 2.7712e-17
7371.100 2.9501e-17
7372.625 2.9704e-17
7374.150 2.7013e-17
7375.675 2.4413e-17
7377.200 2.5084e-17
7378.725 2.3638e-17
7380.250 2.5463e-17
7381.775 2.9023e-17
7383.300 2.9219e-17
7384.825 2.7811e-17
7386.350 2.838e-17
7387.875 2.6824e-17
7389.400 2.7402e-17
7390.925 2.678e-17
7392.450 2.6084e-17
7393.975 2.8815e-17
7395.500 2.9227e-17
7397.025 2.6945e-17
7398.550 2.8226e-17
7400.075 3.1026e-17
7401.600 3.0806e-17
7403.125 2.9395e-17
7404.650 2.6555e-17
7406.175 2.3806e-17
7407.700 2.4171e-17
7409.225 2.5403e-17
7410.750 2.7655e-17
7412.275 2.9944e-17
7413.800 2.8221e-17
7415.325 2.5485e-17
7416.850 2.5817e-17
7418.375 2.6622e-17
7419.900 2.7081e-17
7421.425 2.8791e-17
7422.950 2.7297e-17
7424.475 2.545e-17
7426.000 2.6635e-17
7427.525 2.7333e-17
7429.050 2.663e-17
7430.575 2.7899e-17
7432.100 2.8066e-17
7433.625 2.6702e-17
7435.150 2.7853e-17
7436.675 2.8303e-17
7438.200 2.9946e-17
7439.725 2.963e-17
7441.250 2.8434e-17
7442.775 2.8979e-17
7444.300 2.672e-17
7445.825 2.4132e-17
7447.350 2.5536e-17
7448.875 2.6566e-17
7450.400 2.6348e-17
7451.925 2.5386e-17
7453.450 2.348e-17
7454.975 2.3254e-17
7456.500 2.4194e-17
7458.025 2.5201e-17
7459.550 2.4079e-17
7461.075 2.4091e-17
7462.600 2.6361e-17
7464.125 2.6754e-17
7465.650 2.6447e-17
7467.175 2.5789e-17
7468.700 2.6613e-17
7470.225 2.7373e-17
7471.750 2.7519e-17
7473.275 2.8342e-17
7474.800 2.7294e-17
7476.325 2.5925e-17
7477.850 2.6828e-17
7479.375 2.7085e-17
7480.900 2.578e-17
7482.425 2.5602e-17
7483.950 2.7585e-17
7485.475 2.8378e-17
7487.000 2.5842e-17
7488.525 2.437e-17
7490.050 2.5345e-17
7491.575 2.6434e-17
7493.100 2.7365e-17
7494.625 2.8911e-17
7496.150 2.9086e-17
7497.675 2.5713e-17
7499.200 2.3585e-17
7500.725 2.5242e-17
7502.250 2.4795e-17
7503.775 2.5779e-17
7505.300 2.7108e-17
7506.825 2.7415e-17
7508.350 2.7325e-17
7509.875 2.5332e-17
7511.400 2.3628e-17
7512.925 2.4581e-17
7514.450 2.8112e-17
7515.975 2.75e-17
7517.500 2.3854e-17
7519.025 2.4321e-17
7520.550 2.4763e-17
7522.075 2.2884e-17
7523.600 2.286e-17
7525.125 2.1625e-17
7526.650 2.2336e-17
7528.175 1.8854e-17
7529.700 2.15e-17
7531.225 2.5154e-17
7532.750 2.7142e-17
7534.275 2.4005e-17
7535.800 2.1892e-17
7537.325 2.2376e-17
7538.850 2.5891e-17
7540.375 2.631e-17
7541.900 2.3824e-17
7543.425 2.2586e-17
7544.950 2.3101e-17
7546.475 2.2594e-17
7548.000 2.2452e-17
7549.525 2.1565e-17
7551.050 2.1241e-17
7552.575 2.127e-17
7554.100 2.169e-17
7555.625 2.2817e-17
7557.150 2.2871e-17
7558.675 2.5229e-17
7560.200 2.348e-17
7561.725 1.9791e-17
7563.250 2.2839e-17
7564.775 2.2039e-17
7566.300 2.0176e-17
7567.825 2.1755e-17
7569.350 2.3129e-17
7570.875 2.7291e-17
7572.400 2.5568e-17
7573.925 2.2519e-17
7575.450 2.5988e-17
7576.975 2.8572e-17
7578.500 2.631e-17
7580.025 2.3884e-17
7581.550 2.2382e-17
7583.075 1.9197e-17
7584.600 2.4286e-17
7586.125 2.753e-17
7587.650 2.5963e-17
7589.175 2.4444e-17
7590.700 2.2993e-17
7592.225 2.2497e-17
7593.750 2.2881e-17
7595.275 2.1514e-17
7596.800 2.0783e-17
7598.325 2.031e-17
7599.850 1.7788e-17
7601.375 1.8683e-17
7602.900 2.2008e-17
7604.425 1.7123e-17
7605.950 2.419e-17
7607.475 2.7924e-17
7609.000 2.0453e-17
7610.525 1.9821e-17
7612.050 2.1534e-17
7613.575 1.9737e-17
7615.100 2.1536e-17
7616.625 2.1183e-17
7618.150 2.1148e-17
7619.675 2.4398e-17
7621.200 2.3923e-17
7622.725 2.1898e-17
7624.250 2.3661e-17
7625.775 2.282e-17
7627.300 2.107e-17
7628.825 2.0446e-17
7630.350 1.7553e-17
7631.875 1.8871e-17
7633.400 2.5148e-17
7634.925 2.7344e-17
7636.450 2.3517e-17
7637.975 2.2803e-17
7639.500 2.3443e-17
7641.025 2.3223e-17
7642.550 2.5083e-17
7644.075 2.4419e-17
7645.600 2.2996e-17
7647.125 2.3839e-17
7648.650 2.1328e-17
7650.175 1.9254e-17
7651.700 2.187e-17
7653.225 2.1412e-17
7654.750 2.1076e-17
7656.275 2.2071e-17
7657.800 2.0286e-17
7659.325 2.0803e-17
7660.850 2.3199e-17
7662.375 2.2727e-17
7663.900 2.398e-17
7665.425 2.4512e-17
7666.950 2.0548e-17
7668.475 2.1669e-17
7670.000 2.1906e-17
7671.525 2.1741e-17
7673.050 2.3672e-17
7674.575 2.3409e-17
7676.100 2.3282e-17
7677.625 2.3894e-17
7679.150 2.2806e-17
7680.675 2.1346e-17
7682.200 2.0224e-17
7683.725 1.9379e-17
7685.250 2.0419e-17
7686.775 2.0734e-17
7688.300 2.1184e-17
7689.825 2.1898e-17
7691.350 2.1989e-17
7692.875 2.3219e-17
7694.400 2.3199e-17
7695.925 2.3672e-17
7697.450 2.3917e-17
7698.975 2.3066e-17
7700.500 2.4812e-17
7702.025 2.2786e-17
7703.550 2.1012e-17
7705.075 2.1041e-17
7706.600 2.0999e-17
7708.125 2.1821e-17
7709.650 2.0545e-17
7711.175 1.9547e-17
7712.700 2.1964e-17
7714.225 2.8353e-17
7715.750 3.2585e-17
7717.275 2.928e-17
7718.800 2.3501e-17
7720.325 2.1114e-17
7721.850 1.9392e-17
7723.375 1.8966e-17
7724.900 1.8063e-17
7726.425 2.1126e-17
7727.950 2.4976e-17
7729.475 2.3728e-17
7731.000 2.3375e-17
7732.525 2.2344e-17
7734.050 2.2954e-17
7735.575 2.4389e-17
7737.100 2.3102e-17
7738.625 2.1931e-17
7740.150 2.2177e-17
7741.675 2.0006e-17
7743.200 2.0044e-17
7744.725 2.3523e-17
7746.250 2.4915e-17
7747.775 2.2998e-17
7749.300 2.1922e-17
7750.825 2.4636e-17
7752.350 2.6839e-17
7753.875 2.3013e-17
7755.400 1.9628e-17
7756.925 2.1186e-17
7758.450 2.0621e-17
7759.975 2.0335e-17
7761.500 2.4493e-17
7763.025 2.4798e-17
7764.550 2.1507e-17
7766.075 2.1465e-17
7767.600 2.209e-17
7769.125 1.9582e-17
7770.650 1.8645e-17
7772.175 1.98e-17
7773.700 2.1145e-17
7775.225 2.3406e-17
7776.750 2.3052e-17
7778.275 2.1971e-17
7779.800 2.1945e-17
7781.325 2.2782e-17
7782.850 2.0239e-17
7784.375 1.7342e-17
7785.900 1.9219e-17
7787.425 1.9675e-17
7788.950 2.1283e-17
7790.475 2.1855e-17
7792.000 1.9553e-17
7793.525 1.8977e-17
7795.050 2.0511e-17
7796.575 2.1197e-17
7798.100 2.0179e-17
7799.625 2.1005e-17
7801.150 2.1999e-17
7802.675 2.3451e-17
7804.200 2.215e-17
7805.725 2.261e-17
7807.250 2.1825e-17
7808.775 2.0642e-17
7810.300 2.1166e-17
7811.825 2.2765e-17
7813.350 2.0722e-17
7814.875 2.2302e-17
7816.400 2.4924e-17
7817.925 2.1909e-17
7819.450 2.0543e-17
7820.975 2.493e-17
7822.500 2.6643e-17
7824.025 2.6717e-17
7825.550 2.3716e-17
7827.075 2.3276e-17
7828.600 2.3436e-17
7830.125 2.215e-17
7831.650 2.3318e-17
7833.175 2.3379e-17
7834.700 2.1589e-17
7836.225 2.0623e-17
7837.750 2.2854e-17
7839.275 2.2594e-17
7840.800 2.2049e-17
7842.325 2.2281e-17
7843.850 2.1593e-17
7845.375 2.0028e-17
7846.900 2.1732e-17
7848.425 2.1281e-17
7849.950 2.1832e-17
7851.475 2.2744e-17
7853.000 2.3895e-17
7854.525 2.8718e-17
7856.050 2.8361e-17
7857.575 2.0613e-17
7859.100 1.9493e-17
7860.625 2.2916e-17
7862.150 2.1278e-17
7863.675 2.2703e-17
7865.200 2.1579e-17
7866.725 2.0241e-17
7868.250 2.2366e-17
7869.775 2.3686e-17
7871.300 1.9129e-17
7872.825 1.8914e-17
7874.350 1.9525e-17
7875.875 1.9589e-17
7877.400 2.3421e-17
7878.925 2.2629e-17
7880.450 1.9806e-17
7881.975 1.9318e-17
7883.500 2.0267e-17
7885.025 2.1253e-17
7886.550 2.3155e-17
7888.075 2.3442e-17
7889.600 2.215e-17
7891.125 2.3671e-17
7892.650 2.4433e-17
7894.175 2.0353e-17
7895.700 1.876e-17
7897.225 1.9667e-17
7898.750 2.0102e-17
7900.275 2.3228e-17
7901.800 2.3656e-17
7903.325 2.2568e-17
7904.850 2.2134e-17
7906.375 2.126e-17
7907.900 2.3055e-17
7909.425 2.0263e-17
7910.950 1.7159e-17
7912.475 2.5114e-17
7914.000 3.058e-17
7915.525 2.5301e-17
7917.050 2.2447e-17
7918.575 2.4667e-17
7920.100 2.2983e-17
7921.625 1.9366e-17
7923.150 2.0412e-17
7924.675 2.2523e-17
7926.200 1.9907e-17
7927.725 1.5113e-17
7929.250 1.5541e-17
7930.775 2.0214e-17
7932.300 2.2052e-17
7933.825 2.0258e-17
7935.350 1.8943e-17
7936.875 1.8939e-17
7938.400 2.0406e-17
7939.925 1.9445e-17
7941.450 1.8805e-17
7942.975 1.8227e-17
7944.500 1.8694e-17
7946.025 1.9095e-17
7947.550 2.2702e-17
7949.075 2.3804e-17
7950.600 2.3839e-17
7952.125 2.1708e-17
7953.650 2.119e-17
7955.175 2.3715e-17
7956.700 2.4182e-17
7958.225 1.9873e-17
7959.750 1.5292e-17
7961.275 1.643e-17
7962.800 2.0686e-17
7964.325 1.8256e-17
7965.850 1.8682e-17
7967.375 2.4249e-17
7968.900 2.3087e-17
7970.425 2.2024e-17
7971.950 2.0695e-17
7973.475 1.8223e-17
7975.000 1.8949e-17
7976.525 1.8862e-17
7978.050 1.7349e-17
7979.575 2.0378e-17
7981.100 2.1881e-17
7982.625 2.2079e-17
7984.150 1.9986e-17
7985.675 1.9193e-17
7987.200 1.8357e-17
7988.725 2.0192e-17
7990.250 2.207e-17
7991.775 1.8392e-17
7993.300 1.9799e-17
7994.825 2.2357e-17
7996.350 2.2295e-17
7997.875 2.1034e-17
7999.400 2.0003e-17
8000.925 2.0346e-17
8002.450 2.1168e-17
8003.975 2.0982e-17
8005.500 1.936e-17
8007.025 1.9358e-17
8008.550 1.9333e-17
8010.075 2.0985e-17
8011.600 2.4676e-17
8013.125 2.5324e-17
8014.650 2.4797e-17
8016.175 2.4102e-17
8017.700 1.9755e-17
8019.225 1.8996e-17
8020.750 2.0609e-17
8022.275 1.9685e-17
8023.800 2.1174e-17
8025.325 2.177e-17
8026.850 2.2302e-17
8028.375 2.3043e-17
8029.900 2.0224e-17
8031.425 1.8925e-17
8032.950 1.9937e-17
8034.475 1.8096e-17
8036.000 1.6773e-17
8037.525 1.9291e-17
8039.050 1.9515e-17
8040.575 1.9203e-17
8042.100 1.9178e-17
8043.625 1.905e-17
8045.150 1.9263e-17
8046.675 1.7632e-17
8048.200 1.7166e-17
8049.725 2.1212e-17
8051.250 2.3424e-17
8052.775 2.0258e-17
8054.300 2.0666e-17
8055.825 2.0018e-17
8057.350 1.6924e-17
8058.875 1.7905e-17
8060.400 1.7875e-17
8061.925 1.8227e-17
8063.450 2.0895e-17
8064.975 1.7917e-17
8066.500 1.5901e-17
8068.025 1.9888e-17
8069.550 2.224e-17
8071.075 2.1341e-17
8072.600 2.2041e-17
8074.125 2.0694e-17
8075.650 2.157e-17
8077.175 2.3353e-17
8078.700 2.1672e-17
8080.225 1.9208e-17
8081.750 2.0566e-17
8083.275 2.2325e-17
8084.800 2.0356e-17
8086.325 1.8721e-17
8087.850 1.8016e-17
8089.375 1.7864e-17
8090.900 1.6671e-17
8092.425 1.6001e-17
8093.950 1.7928e-17
8095.475 2.1404e-17
8097.000 2.1452e-17
8098.525 1.9176e-17
8100.050 1.9561e-17
8101.575 1.9555e-17
8103.100 1.9781e-17
8104.625 2.1729e-17
8106.150 2.1113e-17
8107.675 2.0911e-17
8109.200 2.0196e-17
8110.725 1.8916e-17
8112.250 2.0521e-17
8113.775 2.1443e-17
8115.300 1.7483e-17
8116.825 1.9752e-17
8118.350 1.9362e-17
8119.875 1.4942e-17
8121.400 1.5331e-17
8122.925 1.76e-17
8124.450 1.8481e-17
8125.975 1.7622e-17
8127.500 1.8526e-17
8129.025 2.0209e-17
8130.550 1.7836e-17
8132.075 1.7267e-17
8133.600 1.8147e-17
8135.125 1.7032e-17
8136.650 1.553e-17
8138.175 1.5765e-17
8139.700 1.7557e-17
8141.225 1.7308e-17
8142.750 1.8146e-17
8144.275 1.8735e-17
8145.800 1.8431e-17
8147.325 2.1389e-17
8148.850 1.9929e-17
8150.375 1.5706e-17
8151.900 1.5155e-17
8153.425 1.6352e-17
8154.950 1.8731e-17
8156.475 1.8591e-17
8158.000 1.7552e-17
8159.525 1.8834e-17
8161.050 1.8696e-17
8162.575 1.7756e-17
8164.100 1.8869e-17
8165.625 1.7903e-17
8167.150 1.72e-17
8168.675 2.0347e-17
8170.200 2.1464e-17
8171.725 1.9028e-17
8173.250 1.9198e-17
8174.775 1.7016e-17
8176.300 1.353e-17
8177.825 1.5453e-17
8179.350 1.7373e-17
8180.875 1.6878e-17
8182.400 1.7174e-17
8183.925 1.9008e-17
8185.450 2.0999e-17
8186.975 1.7995e-17
8188.500 1.5308e-17
8190.025 1.8673e-17
8191.550 1.8286e-17
8193.075 1.8213e-17
8194.600 1.7351e-17
8196.125 1.7801e-17
8197.650 1.6026e-17
8199.175 1.5429e-17
8200.700 1.8039e-17
8202.225 1.8834e-17
8203.750 1.7858e-17
8205.275 1.7951e-17
8206.800 1.7178e-17
8208.325 1.7492e-17
8209.850 1.724e-17
8211.375 1.6347e-17
8212.900 1.5938e-17
8214.425 1.6038e-17
8215.950 1.816e-17
8217.475 1.4767e-17
8219.000 1.2467e-17
8220.525 1.4097e-17
8222.050 1.5131e-17
8223.575 1.7776e-17
8225.100 2.037e-17
8226.625 1.7664e-17
8228.150 1.4668e-17
8229.675 1.31e-17
8231.200 1.4971e-17
8232.725 1.8053e-17
8234.250 1.7768e-17
8235.775 1.6781e-17
8237.300 1.8238e-17
8238.825 1.7768e-17
8240.350 1.5235e-17
8241.875 1.5818e-17
8243.400 1.7769e-17
8244.925 1.6743e-17
8246.450 1.5777e-17
8247.975 1.5972e-17
8249.500 1.7287e-17
8251.025 1.8343e-17
8252.550 1.8675e-17
8254.075 1.8708e-17
8255.600 1.6298e-17
8257.125 1.6666e-17
8258.650 1.7893e-17
8260.175 1.8718e-17
8261.700 1.8834e-17
8263.225 1.8323e-17
8264.750 1.8283e-17
8266.275 1.6564e-17
8267.800 1.6427e-17
8269.325 1.6877e-17
8270.850 1.677e-17
8272.375 1.6982e-17
8273.900 1.6174e-17
8275.425 1.5406e-17
8276.950 1.738e-17
8278.475 1.7487e-17
8280.000 1.496e-17
8281.525 1.3585e-17
8283.050 1.1927e-17
8284.575 1.1757e-17
8286.100 1.3316e-17
8287.625 1.5463e-17
8289.150 1.4663e-17
8290.675 1.4682e-17
8292.200 1.6293e-17
8293.725 1.6698e-17
8295.250 2.0177e-17
8296.775 2.3561e-17
8298.300 1.9453e-17
8299.825 1.5807e-17
8301.350 1.4153e-17
8302.875 1.1143e-17
8304.400 1.3834e-17
8305.925 1.5543e-17
8307.450 1.7433e-17
8308.975 2.3637e-17
8310.500 2.3049e-17
8312.025 1.988e-17
8313.550 1.7966e-17
8315.075 1.6865e-17
8316.600 1.835e-17
8318.125 1.9577e-17
8319.650 1.9331e-17
8321.175 1.7246e-17
8322.700 1.5028e-17
8324.225 1.74e-17
8325.750 1.8405e-17
8327.275 1.8286e-17
8328.800 1.4749e-17
8330.325 1.6592e-17
8331.850 1.6932e-17
8333.375 1.8021e-17
8334.900 1.7816e-17
8336.425 1.9119e-17
8337.950 1.8828e-17
8339.475 1.4863e-17
8341.000 1.3019e-17
8342.525 1.6221e-17
8344.050 2.2937e-17
8345.575 2.8447e-17
8347.100 2.2251e-17
8348.625 1.7413e-17
8350.150 1.466e-17
8351.675 1.4883e-17
8353.200 1.6832e-17
8354.725 1.7295e-17
8356.250 1.7129e-17
8357.775 1.8367e-17
8359.300 1.6503e-17
8360.825 1.6839e-17
8362.350 1.7665e-17
8363.875 1.493e-17
8365.400 1.2656e-17
8366.925 1.4661e-17
8368.450 1.4991e-17
8369.975 1.5852e-17
8371.500 1.7025e-17
8373.025 1.6237e-17
8374.550 1.5408e-17
8376.075 1.6426e-17
8377.600 2.062e-17
8379.125 2.1247e-17
8380.650 1.7715e-17
8382.175 1.7994e-17
8383.700 1.9137e-17
8385.225 1.6264e-17
8386.750 1.742e-17
8388.275 2.2287e-17
8389.800 2.0483e-17
8391.325 1.6933e-17
8392.850 1.6194e-17
8394.375 1.5993e-17
8395.900 1.7365e-17
8397.425 1.67e-17
8398.950 1.6083e-17
8400.475 2.114e-17
8402.000 2.2959e-17
8403.525 1.689e-17
8405.050 1.4831e-17
8406.575 1.6026e-17
8408.100 1.5684e-17
8409.625 1.8254e-17
8411.150 2.0776e-17
8412.675 1.9002e-17
8414.200 1.8277e-17
8415.725 1.7605e-17
8417.250 1.7962e-17
8418.775 1.725e-17
8420.300 1.6936e-17
8421.825 1.8535e-17
8423.350 1.6253e-17
8424.875 1.6649e-17
8426.400 1.93e-17
8427.925 2.1529e-17
8429.450 2.1669e-17
8430.975 1.5025e-17
8432.500 1.7887e-17
8434.025 2.1589e-17
8435.550 1.6573e-17
8437.075 1.5032e-17
8438.600 1.4408e-17
8440.125 1.7068e-17
8441.650 1.7688e-17
8443.175 1.8014e-17
8444.700 1.8021e-17
8446.225 1.6314e-17
8447.750 1.5158e-17
8449.275 1.4801e-17
8450.800 1.8314e-17
8452.325 1.8689e-17
8453.850 1.7951e-17
8455.375 1.6286e-17
8456.900 1.537e-17
8458.425 1.6775e-17
8459.950 1.6015e-17
8461.475 1.5208e-17
8463.000 1.6885e-17
8464.525 1.8845e-17
8466.050 1.7674e-17
8467.575 1.8835e-17
8469.100 1.6711e-17
8470.625 1.449e-17
8472.150 1.5003e-17
8473.675 1.7391e-17
8475.200 1.6034e-17
8476.725 1.4725e-17
8478.250 1.685e-17
8479.775 1.7012e-17
8481.300 1.485e-17
8482.825 1.5235e-17
8484.350 1.6991e-17
8485.875 1.6007e-17
8487.400 1.5059e-17
8488.925 1.6112e-17
8490.450 1.9422e-17
8491.975 2.0427e-17
8493.500 1.817e-17
8495.025 1.5788e-17
8496.550 1.6897e-17
8498.075 1.7105e-17
8499.600 1.3098e-17
8501.125 1.3434e-17
8502.650 1.7309e-17
8504.175 2.0176e-17
8505.700 1.9089e-17
8507.225 1.431e-17
8508.750 1.2866e-17
8510.275 1.3565e-17
8511.800 1.425e-17
8513.325 1.6426e-17
8514.850 1.6921e-17
8516.375 1.5931e-17
8517.900 1.5362e-17
8519.425 1.4287e-17
8520.950 1.3474e-17
8522.475 1.4255e-17
8524.000 1.5632e-17
8525.525 1.5217e-17
8527.050 1.4281e-17
8528.575 1.5689e-17
8530.100 1.6894e-17
8531.625 1.4093e-17
8533.150 1.329e-17
8534.675 1.5616e-17
8536.200 1.6614e-17
8537.725 1.7159e-17
8539.250 1.7481e-17
8540.775 1.5523e-17
8542.300 1.6044e-17
8543.825 1.6369e-17
8545.350 1.4283e-17
8546.875 1.3488e-17
8548.400 1.3974e-17
8549.925 1.2536e-17
8551.450 1.3127e-17
8552.975 1.5031e-17
8554.500 1.3778e-17
8556.025 1.5355e-17
8557.550 1.6078e-17
8559.075 1.4758e-17
8560.600 1.4234e-17
8562.125 1.5755e-17
8563.650 1.6463e-17
8565.175 1.4475e-17
8566.700 1.5446e-17
8568.225 1.7743e-17
8569.750 1.778e-17
8571.275 1.5966e-17
8572.800 1.4293e-17
8574.325 1.6314e-17
8575.850 1.588e-17
8577.375 1.5339e-17
8578.900 1.6462e-17
8580.425 1.6409e-17
8581.950 1.5144e-17
8583.475 1.5371e-17
8585.000 1.713e-17
8586.525 1.9036e-17
8588.050 1.8626e-17
8589.575 1.8511e-17
8591.100 1.7185e-17
8592.625 1.4376e-17
8594.150 1.2216e-17
8595.675 1.2537e-17
8597.200 1.4744e-17
8598.725 1.7855e-17
8600.250 1.9303e-17
8601.775 1.7677e-17
8603.300 1.6092e-17
8604.825 1.4917e-17
8606.350 1.2498e-17
8607.875 1.3717e-17
8609.400 1.7089e-17
8610.925 1.8798e-17
8612.450 1.7844e-17
8613.975 1.7497e-17
8615.500 1.7415e-17
8617.025 1.6106e-17
8618.550 1.7907e-17
8620.075 1.9963e-17
8621.600 1.9139e-17
8623.125 1.5354e-17
8624.650 1.4266e-17
8626.175 1.546e-17
8627.700 1.5812e-17
8629.225 1.873e-17
8630.750 1.8448e-17
8632.275 1.7668e-17
8633.800 1.8855e-17
8635.325 1.7464e-17
8636.850 1.3507e-17
8638.375 1.3045e-17
8639.900 1.4713e-17
8641.425 1.5951e-17
8642.950 1.6133e-17
8644.475 1.4295e-17
8646.000 1.3349e-17
8647.525 1.6386e-17
8649.050 1.8669e-17
8650.575 1.9352e-17
8652.100 2.017e-17
8653.625 2.0217e-17
8655.150 2.1928e-17
8656.675 2.1071e-17
8658.200 1.9402e-17
8659.725 2.0407e-17
8661.250 2.0859e-17
8662.775 1.8871e-17
8664.300 1.8181e-17
8665.825 1.6979e-17
8667.350 1.2905e-17
8668.875 1.5862e-17
8670.400 1.712e-17
8671.925 1.5617e-17
8673.450 1.5745e-17
8674.975 1.4067e-17
8676.500 1.2561e-17
8678.025 1.3785e-17
8679.550 1.8098e-17
8681.075 2.0214e-17
8682.600 2.0142e-17
8684.125 1.6608e-17
8685.650 1.8176e-17
8687.175 1.6495e-17
8688.700 1.4471e-17
8690.225 1.8522e-17
8691.750 1.8552e-17
8693.275 1.7821e-17
8694.800 1.8565e-17
8696.325 1.6263e-17
8697.850 1.7929e-17
8699.375 2.0529e-17
8700.900 1.7162e-17
8702.425 1.5688e-17
8703.950 1.6203e-17
8705.475 1.4963e-17
8707.000 1.7032e-17
8708.525 1.7232e-17
8710.050 1.6266e-17
8711.575 1.9044e-17
8713.100 1.9226e-17
8714.625 1.6267e-17
8716.150 1.6078e-17
8717.675 1.5666e-17
8719.200 1.6118e-17
8720.725 1.7452e-17
8722.250 1.6771e-17
8723.775 1.615e-17
8725.300 1.6158e-17
8726.825 1.66e-17
8728.350 1.7935e-17
8729.875 1.8749e-17
8731.400 1.7768e-17
8732.925 1.6868e-17
8734.450 1.7666e-17
8735.975 1.7912e-17
8737.500 1.838e-17
8739.025 1.9544e-17
8740.550 1.9506e-17
8742.075 1.8677e-17
8743.600 1.6028e-17
8745.125 1.5345e-17
8746.650 1.5574e-17
8748.175 1.6911e-17
8749.700 1.7436e-17
8751.225 1.6682e-17
8752.750 1.4226e-17
8754.275 1.6166e-17
8755.800 1.7663e-17
8757.325 1.9134e-17
8758.850 2.0282e-17
8760.375 1.7237e-17
8761.900 1.5191e-17
8763.425 1.5795e-17
8764.950 1.9197e-17
8766.475 2.3967e-17
8768.000 2.5591e-17
8769.525 2.1738e-17
8771.050 1.9228e-17
8772.575 1.6732e-17
8774.100 1.8467e-17
8775.625 2.0587e-17
8777.150 1.9158e-17
8778.675 1.8752e-17
8780.200 1.7921e-17
8781.725 1.7162e-17
8783.250 1.6129e-17
8784.775 1.5452e-17
8786.300 1.8579e-17
8787.825 2.0466e-17
8789.350 1.9174e-17
8790.875 2.1509e-17
8792.400 1.9096e-17
8793.925 1.7123e-17
8795.450 1.7356e-17
8796.975 1.6512e-17
8798.500 1.5968e-17
8800.025 1.7763e-17
8801.550 1.7612e-17
8803.075 1.6825e-17
8804.600 1.6334e-17
8806.125 1.7611e-17
8807.650 1.7142e-17
8809.175 1.5913e-17
8810.700 1.7324e-17
8812.225 1.8663e-17
8813.750 2.0537e-17
8815.275 1.9374e-17
8816.800 1.9802e-17
8818.325 1.8647e-17
8819.850 1.7875e-17
8821.375 1.9448e-17
8822.900 1.9435e-17
8824.425 2.134e-17
8825.950 2.4798e-17
8827.475 2.5686e-17
8829.000 3.0851e-17
8830.525 2.7406e-17
8832.050 1.6189e-17
8833.575 1.58e-17
8835.100 2.1267e-17
8836.625 2.0138e-17
8838.150 1.7687e-17
8839.675 1.4881e-17
8841.200 1.4074e-17
8842.725 1.689e-17
8844.250 1.6246e-17
8845.775 1.6198e-17
8847.300 1.5269e-17
8848.825 1.4658e-17
8850.350 1.639e-17
8851.875 1.7406e-17
8853.400 1.7778e-17
8854.925 1.7688e-17
8856.450 1.7513e-17
8857.975 1.9066e-17
8859.500 1.9789e-17
8861.025 1.7697e-17
8862.550 1.692e-17
8864.075 2.0117e-17
8865.600 2.0939e-17
8867.125 1.8257e-17
8868.650 1.4753e-17
8870.175 1.5747e-17
8871.700 1.7643e-17
8873.225 1.8002e-17
8874.750 1.5217e-17
8876.275 1.6237e-17
8877.800 1.6872e-17
8879.325 1.5892e-17
8880.850 1.6481e-17
8882.375 1.6713e-17
8883.900 2.0114e-17
8885.425 2.2094e-17
8886.950 2.438e-17
8888.475 2.0117e-17
8890.000 1.7854e-17
8891.525 1.7042e-17
8893.050 1.6029e-17
8894.575 1.8985e-17
8896.100 1.9683e-17
8897.625 1.8477e-17
8899.150 1.6219e-17
8900.675 1.331e-17
8902.200 1.34e-17
8903.725 1.8473e-17
8905.250 2.2374e-17
8906.775 2.0128e-17
8908.300 1.7545e-17
8909.825 1.6878e-17
8911.350 1.6466e-17
8912.875 1.4023e-17
8914.400 1.4454e-17
8915.925 1.7482e-17
8917.450 2.1237e-17
8918.975 2.3486e-17
8920.500 2.4814e-17
8922.025 1.9493e-17
8923.550 1.469e-17
8925.075 1.5403e-17
8926.600 1.7539e-17
8928.125 1.4797e-17
8929.650 1.4072e-17
8931.175 1.6447e-17
8932.700 1.5737e-17
8934.225 1.6184e-17
8935.750 1.6373e-17
8937.275 1.6391e-17
8938.800 1.619e-17
8940.325 1.6858e-17
8941.850 1.5596e-17
8943.375 1.6011e-17
8944.900 1.866e-17
8946.425 1.5704e-17
8947.950 1.4246e-17
8949.475 1.6511e-17
8951.000 1.4473e-17
8952.525 1.159e-17
8954.050 1.4201e-17
8955.575 1.7525e-17
8957.100 1.8322e-17
8958.625 1.672e-17
8960.150 1.624e-17
8961.675 1.7309e-17
8963.200 1.6231e-17
8964.725 1.7942e-17
8966.250 1.6848e-17
8967.775 1.3641e-17
8969.300 1.3122e-17
8970.825 1.4342e-17
8972.350 1.6367e-17
8973.875 1.6047e-17
8975.400 1.662e-17
8976.925 1.4889e-17
8978.450 1.6367e-17
8979.975 1.8235e-17
8981.500 1.6453e-17
8983.025 1.6105e-17
8984.550 1.7036e-17
8986.075 1.9214e-17
8987.600 1.6704e-17
8989.125 1.1989e-17
8990.650 1.2011e-17
8992.175 1.8132e-17
8993.700 1.7404e-17
8995.225 1.5556e-17
8996.750 1.7218e-17
8998.275 1.6272e-17
8999.800 1.6321e-17
9001.325 1.8857e-17
9002.850 1.5385e-17
9004.375 1.4906e-17
9005.900 1.6724e-17
9007.425 1.6539e-17
9008.950 1.4441e-17
9010.475 1.5162e-17
9012.000 1.4573e-17
9013.525 1.5556e-17
9015.050 1.6821e-17
9016.575 1.6152e-17
9018.100 1.5961e-17
9019.625 1.6357e-17
9021.150 1.7979e-17
9022.675 1.6999e-17
9024.200 1.608e-17
9025.725 1.5098e-17
9027.250 1.4415e-17
9028.775 1.6168e-17
9030.300 1.6752e-17
9031.825 1.7918e-17
9033.350 1.8543e-17
9034.875 1.6702e-17
9036.400 1.7817e-17
9037.925 1.7746e-17
9039.450 1.8807e-17
9040.975 1.9908e-17
9042.500 1.8193e-17
9044.025 1.814e-17
9045.550 1.6205e-17
9047.075 1.5861e-17
9048.600 1.7973e-17
9050.125 1.8595e-17
9051.650 1.8869e-17
9053.175 1.654e-17
9054.700 1.4673e-17
9056.225 1.3138e-17
9057.750 1.259e-17
9059.275 1.3837e-17
9060.800 1.4181e-17
9062.325 1.572e-17
9063.850 1.7955e-17
9065.375 1.6958e-17
9066.900 1.5211e-17
9068.425 1.5103e-17
9069.950 1.4617e-17
9071.475 1.4801e-17
9073.000 1.5245e-17
9074.525 1.4692e-17
9076.050 1.4454e-17
9077.575 1.5135e-17
9079.100 1.5574e-17
9080.625 1.6965e-17
9082.150 1.8112e-17
9083.675 1.6432e-17
9085.200 1.4783e-17
9086.725 1.4683e-17
9088.250 1.4875e-17
9089.775 1.3562e-17
9091.300 1.5436e-17
9092.825 1.6773e-17
9094.350 1.9832e-17
9095.875 2.0227e-17
9097.400 2.0335e-17
9098.925 2.0565e-17
9100.450 1.9487e-17
9101.975 1.6923e-17
9103.500 1.8084e-17
9105.025 1.9586e-17
9106.550 1.5379e-17
9108.075 1.3902e-17
9109.600 1.3535e-17
9111.125 1.4463e-17
9112.650 1.7095e-17
9114.175 1.7358e-17
9115.700 1.4813e-17
9117.225 1.4798e-17
9118.750 1.6524e-17
9120.275 1.6985e-17
9121.800 1.7109e-17
9123.325 1.5637e-17
9124.850 1.8399e-17
9126.375 1.8197e-17
9127.900 1.573e-17
9129.425 1.5439e-17
9130.950 1.7361e-17
9132.475 1.5201e-17
9134.000 1.4257e-17
9135.525 1.3544e-17
9137.050 1.4182e-17
9138.575 1.5295e-17
9140.100 1.5308e-17
9141.625 1.3934e-17
9143.150 1.3896e-17
9144.675 1.4492e-17
9146.200 1.7188e-17
9147.725 1.8e-17
9149.250 1.4672e-17
9150.775 1.2545e-17
9152.300 1.1009e-17
9153.825 9.8622e-18
9155.350 1.518e-17
9156.875 1.8293e-17
9158.400 1.8246e-17
9159.925 1.5547e-17
9161.450 1.4893e-17
9162.975 1.786e-17
9164.500 1.8384e-17
9166.025 1.6695e-17
9167.550 1.5643e-17
9169.075 1.3272e-17
9170.600 1.126e-17
9172.125 1.318e-17
9173.650 1.6425e-17
9175.175 1.7374e-17
9176.700 1.488e-17
9178.225 1.4451e-17
9179.750 1.6399e-17
9181.275 1.582e-17
9182.800 1.5978e-17
9184.325 1.7676e-17
9185.850 1.631e-17
9187.375 1.5315e-17
9188.900 1.3533e-17
9190.425 1.3324e-17
9191.950 1.4672e-17
9193.475 1.4213e-17
9195.000 1.3195e-17
9196.525 1.3645e-17
9198.050 1.799e-17
9199.575 1.8203e-17
9201.100 1.4739e-17
9202.625 1.434e-17
9204.150 1.3231e-17
9205.675 1.2272e-17
9207.200 1.5598e-17
9208.725 1.7253e-17
9210.250 1.564e-17
9211.775 1.4815e-17
9213.300 1.3792e-17
9214.825 1.374e-17
9216.350 1.7868e-17
9217.875 1.9615e-17
9219.400 1.8824e-17
9220.925 1.4077e-17
9222.450 1.2896e-17
9223.975 1.4689e-17
9225.500 1.5775e-17
9227.025 1.6892e-17
9228.550 1.8583e-17
9230.075 1.6178e-17
9231.600 1.385e-17
9233.125 1.4221e-17
9234.650 1.4513e-17
9236.175 1.1654e-17
9237.700 1.3131e-17
9239.225 1.7425e-17
9240.750 1.9013e-17
9242.275 1.8708e-17
9243.800 1.6986e-17
9245.325 1.6404e-17
9246.850 1.6885e-17
9248.375 1.6384e-17
9249.900 1.4616e-17
9251.425 1.5062e-17
9252.950 1.5239e-17
9254.475 1.8247e-17
9256.000 1.853e-17
9257.525 1.4742e-17
9259.050 1.2321e-17
9260.575 1.3725e-17
9262.100 1.4116e-17
9263.625 1.4561e-17
9265.150 1.5913e-17
9266.675 1.6048e-17
9268.200 1.7138e-17
9269.725 1.895e-17
9271.250 1.7669e-17
9272.775 1.5422e-17
9274.300 1.6708e-17
9275.825 1.7511e-17
9277.350 1.7579e-17
9278.875 1.9824e-17
9280.400 1.7586e-17
9281.925 1.5309e-17
9283.450 1.4765e-17
9284.975 1.1997e-17
9286.500 1.4131e-17
9288.025 1.8968e-17
9289.550 1.9595e-17
9291.075 1.5833e-17
9292.600 1.0909e-17
9294.125 1.0361e-17
9295.650 1.5344e-17
9297.175 1.7145e-17
9298.700 1.4305e-17
9300.225 1.3067e-17
9301.750 1.4404e-17
9303.275 1.8738e-17
9304.800 2.8144e-17
9306.325 2.9796e-17
9307.850 1.9949e-17
9309.375 8.8585e-18
9310.900 8.8985e-18
9312.425 1.6335e-17
9313.950 1.4173e-17
9315.475 9.7962e-18
9317.000 -7.4665e-18
9318.525 -2.132e-18
9320.050 1.5334e-17
9321.575 2.6881e-17
9323.100 2.6349e-17
9324.625 2.3634e-17
9326.150 2.6345e-17
9327.675 1.9034e-17
9329.200 1.2317e-17
9330.725 1.5247e-17
9332.250 1.6089e-17
9333.775 6.3909e-18
9335.300 5.0312e-18
9336.825 2.2269e-17
9338.350 2.8699e-17
9339.875 2.6258e-17
9341.400 1.7683e-17
9342.925 1.5439e-17
9344.450 2.1253e-17
9345.975 1.892e-17
9347.500 1.8569e-17
9349.025 2.278e-17
9350.550 1.6072e-17
9352.075 1.365e-17
9353.600 1.915e-17
9355.125 2.4773e-17
9356.650 2.1777e-17
9358.175 2.2314e-17
9359.700 2.3022e-17
9361.225 2.0021e-17
9362.750 1.7291e-17
9364.275 1.2308e-17
9365.800 1.0613e-17
9367.325 1.3524e-17
9368.850 1.029e-17
9370.375 8.8943e-18
9371.900 1.4562e-17
9373.425 1.3158e-17
9374.950 2.6833e-17
9376.475 2.4239e-17
9378.000 1.3714e-17
9379.525 -8.6642e-19
9381.050 -3.1434e-18
9382.575 1.0618e-17
9384.100 1.1417e-17
9385.625 1.0971e-17
9387.150 1.6441e-17
9388.675 1.9176e-17
9390.200 1.5689e-17
9391.725 1.3619e-17
9393.250 1.5169e-17
9394.775 1.5569e-17
9396.300 1.2707e-17
9397.825 1.1424e-17
9399.350 1.4326e-17
9400.875 1.591e-17
9402.400 1.53e-17
9403.925 1.3331e-17
9405.450 1.2747e-17
9406.975 1.2964e-17
9408.500 1.4446e-17
9410.025 1.6121e-17
9411.550 1.4552e-17
9413.075 1.1581e-17
9414.600 8.8529e-18
9416.125 1.3012e-17
9417.650 1.9881e-17
9419.175 1.0843e-17
9420.700 1.5623e-17
9422.225 2.3516e-17
9423.750 1.77e-17
9425.275 1.7618e-17
9426.800 2.1175e-17
9428.325 2.3345e-17
9429.850 2.1056e-17
9431.375 1.5892e-17
9432.900 1.5785e-17
9434.425 9.2849e-18
9435.950 1.0209e-17
9437.475 2.6161e-17
9439.000 2.944e-17
9440.525 1.3668e-17
9442.050 2.262e-17
9443.575 9.4022e-18
9445.100 9.4709e-18
9446.625 1.6631e-17
9448.150 1.2308e-17
9449.675 1.0369e-17
9451.200 1.3604e-17
9452.725 1.4207e-17
9454.250 1.0553e-17
9455.775 1.4738e-17
9457.300 1.4441e-17
9458.825 9.1572e-18
9460.350 2.1037e-17
9461.875 2.2565e-17
9463.400 1.8999e-17
9464.925 1.7561e-17
9466.450 1.5196e-17
9467.975 1.5971e-17
9469.500 1.8795e-17
9471.025 1.6853e-17
9472.550 1.5036e-17
9474.075 2.5275e-17
9475.600 2.6448e-17
9477.125 1.792e-17
9478.650 1.5053e-17
9480.175 1.1074e-17
9481.700 9.7586e-18
9483.225 6.1524e-18
9484.750 6.5391e-18
9486.275 1.1484e-17
9487.800 1.6723e-17
9489.325 1.4621e-17
9490.850 1.1898e-17
9492.375 1.415e-17
9493.900 1.8025e-17
9495.425 1.4362e-17
9496.950 7.0767e-18
9498.475 1.2719e-17
9500.000 2.0919e-17
9501.525 1.5942e-17
9503.050 1.6717e-17
9504.575 1.8988e-17
9506.100 1.4257e-17
9507.625 1.394e-17
9509.150 1.5939e-17
9510.675 1.2209e-17
9512.200 1.0323e-17
9513.725 1.3583e-17
9515.250 1.4506e-17
9516.775 1.5217e-17
9518.300 9.7513e-18
9519.825 3.74e-18
9521.350 5.9134e-18
9522.875 1.2571e-17
9524.400 1.7415e-17
9525.925 1.7766e-17
9527.450 1.9089e-17
9528.975 1.6064e-17
9530.500 1.3758e-17
9532.025 1.5225e-17
9533.550 1.4692e-17
9535.075 1.269e-17
9536.600 1.6437e-17
9538.125 1.6977e-17
9539.650 1.7093e-17
9541.175 1.4174e-17
9542.700 1.3346e-17
9544.225 1.6972e-17
9545.750 1.7305e-17
9547.275 1.3299e-17
9548.800 1.3865e-17
9550.325 1.1881e-17
9551.850 1.1124e-17
9553.375 1.1903e-17
9554.900 1.09e-17
9556.425 1.8005e-17
9557.950 1.9281e-17
9559.475 1.834e-17
9561.000 1.7223e-17
9562.525 1.806e-17
9564.050 2.2528e-17
9565.575 2.0263e-17
9567.100 3.0449e-17
9568.625 3.6948e-17
9570.150 1.8933e-17
9571.675 1.1313e-17
9573.200 1.5596e-17
9574.725 1.8819e-17
9576.250 1.7587e-17
9577.775 1.5304e-17
9579.300 1.2632e-17
9580.825 1.0076e-17
9582.350 1.4353e-17
9583.875 1.9852e-17
9585.400 1.5477e-17
9586.925 5.2435e-18
9588.450 8.6993e-18
9589.975 1.2607e-17
9591.500 1.4194e-17
9593.025 1.5386e-17
9594.550 1.2919e-17
9596.075 1.4226e-17
9597.600 1.5834e-17
9599.125 1.6998e-17
9600.650 1.8438e-17
9602.175 1.5105e-17
9603.700 1.281e-17
9605.225 1.2766e-17
9606.750 1.8036e-17
9608.275 1.7584e-17
9609.800 1.6306e-17
9611.325 1.5457e-17
9612.850 1.4292e-17
9614.375 1.4243e-17
9615.900 1.4197e-17
9617.425 1.477e-17
9618.950 1.0988e-17
9620.475 7.9709e-18
9622.000 1.3814e-17
9623.525 1.7706e-17
9625.050 1.2876e-17
9626.575 1.2433e-17
9628.100 1.621e-17
9629.625 1.4337e-17
9631.150 1.1071e-17
9632.675 1.4046e-17
9634.200 1.686e-17
9635.725 1.5183e-17
9637.250 1.5698e-17
9638.775 1.468e-17
9640.300 1.6789e-17
9641.825 1.8605e-17
9643.350 1.4911e-17
9644.875 1.2301e-17
9646.400 1.0826e-17
9647.925 1.0425e-17
9649.450 1.2627e-17
9650.975 1.558e-17
9652.500 1.4461e-17
9654.025 1.4657e-17
9655.550 1.2999e-17
9657.075 1.5755e-17
9658.600 1.737e-17
9660.125 1.4533e-17
9661.650 9.3683e-18
9663.175 1.3814e-17
9664.700 1.5501e-17
9666.225 1.6859e-17
9667.750 8.6333e-18
9669.275 5.0232e-18
9670.800 8.7509e-18
9672.325 1.0241e-17
9673.850 1.2423e-17
9675.375 1.6323e-17
9676.900 1.621e-17
9678.425 1.5202e-17
9679.950 9.9932e-18
9681.475 1.1104e-17
9683.000 1.8749e-17
9684.525 1.7976e-17
9686.050 1.6031e-17
9687.575 1.5425e-17
9689.100 1.6534e-17
9690.625 1.5908e-17
9692.150 1.2696e-17
9693.675 8.2786e-18
9695.200 1.064e-17
9696.725 1.8499e-17
9698.250 1.2571e-17
9699.775 5.6258e-18
9701.300 1.3013e-17
9702.825 9.9116e-18
9704.350 7.2322e-18
9705.875 1.2172e-17
9707.400 1.2857e-17
9708.925 1.1371e-17
9710.450 1.6503e-17
9711.975 1.8408e-17
9713.500 1.2239e-17
9715.025 9.6129e-18
9716.550 1.1429e-17
9718.075 1.1913e-17
9719.600 1.2381e-17
9721.125 1.0501e-17
9722.650 7.6488e-18
9724.175 8.7403e-18
9725.700 1.2916e-17
9727.225 1.3202e-17
9728.750 1.1536e-17
9730.275 1.1101e-17
9731.800 1.0834e-17
9733.325 9.4783e-18
9734.850 8.3015e-18
9736.375 9.5827e-18
9737.900 1.2133e-17
9739.425 1.1779e-17
9740.950 1.0359e-17
9742.475 1.4353e-17
9744.000 1.5349e-17
9745.525 1.0522e-17
9747.050 9.6798e-18
9748.575 1.3414e-17
9750.100 1.3925e-17
9751.625 9.4132e-18
9753.150 9.0397e-18
9754.675 1.3966e-17
9756.200 1.6566e-17
9757.725 1.5014e-17
9759.250 1.3638e-17
9760.775 1.5562e-17
9762.300 1.6474e-17
9763.825 1.3031e-17
9765.350 1.3226e-17
9766.875 1.4648e-17
9768.400 1.7635e-17
9769.925 1.5818e-17
9771.450 1.2169e-17
9772.975 8.8072e-18
9774.500 1.2105e-17
9776.025 1.3065e-17
9777.550 1.1039e-17
9779.075 1.2625e-17
9780.600 1.5929e-17
9782.125 1.6404e-17
9783.650 1.4106e-17
9785.175 1.344e-17
9786.700 1.4784e-17
9788.225 1.8073e-17
9789.750 1.1505e-17
9791.275 4.6892e-18
9792.800 1.3036e-18
9794.325 7.927e-18
9795.850 9.4581e-18
9797.375 1.6421e-17
9798.900 1.6343e-17
9800.425 1.0032e-17
9801.950 1.1347e-17
9803.475 1.015e-17
9805.000 9.9171e-18
9806.525 1.2833e-17
9808.050 1.4537e-17
9809.575 1.5488e-17
9811.100 1.2526e-17
9812.625 1.7174e-17
9814.150 2.1135e-17
9815.675 1.8792e-17
9817.200 1.7073e-17
9818.725 1.1224e-17
9820.250 7.2528e-18
9821.775 1.1621e-17
9823.300 1.4552e-17
9824.825 1.537e-17
9826.350 1.3576e-17
9827.875 1.5276e-17
9829.400 2.1001e-17
9830.925 1.9287e-17
9832.450 1.1165e-17
9833.975 1.0396e-17
9835.500 1.0255e-17
9837.025 1.1156e-17
9838.550 1.436e-17
9840.075 1.6455e-17
9841.600 1.5031e-17
9843.125 1.3173e-17
9844.650 1.1201e-17
9846.175 1.6113e-17
9847.700 2.1097e-17
9849.225 1.993e-17
9850.750 1.9754e-17
9852.275 1.9307e-17
9853.800 1.4607e-17
9855.325 1.3403e-17
9856.850 1.5952e-17
9858.375 1.3293e-17
9859.900 1.2938e-17
9861.425 1.5781e-17
9862.950 1.6058e-17
9864.475 1.365e-17
9866.000 9.6102e-18
9867.525 8.8521e-18
9869.050 1.7847e-17
9870.575 2.1287e-17
9872.100 1.0351e-17
9873.625 1.8156e-17
9875.150 2.6155e-17
9876.675 1.4727e-17
9878.200 1.0619e-17
9879.725 1.1863e-17
9881.250 1.3451e-17
9882.775 1.5782e-17
9884.300 1.7407e-17
9885.825 1.4499e-17
9887.350 1.186e-17
9888.875 1.3634e-17
9890.400 1.2645e-17
9891.925 1.3773e-17
9893.450 1.6865e-17
9894.975 1.8536e-17
9896.500 1.3377e-17
9898.025 4.9629e-18
9899.550 1.1495e-17
9901.075 1.5239e-17
9902.600 1.3584e-17
9904.125 1.5033e-17
9905.650 1.3909e-17
9907.175 1.3431e-17
9908.700 1.6095e-17
9910.225 1.3907e-17
9911.750 2.0681e-17
9913.275 2.3735e-17
9914.800 2.0274e-17
9916.325 1.2584e-17
9917.850 1.3845e-17
9919.375 1.0227e-17
9920.900 1.1931e-17
9922.425 1.3355e-17
9923.950 9.0093e-18
9925.475 7.3596e-18
9927.000 1.203e-17
9928.525 1.6044e-17
9930.050 1.5204e-17
9931.575 1.1253e-17
9933.100 1.0314e-17
9934.625 1.2101e-17
9936.150 1.3673e-17
9937.675 1.3302e-17
9939.200 2.398e-17
9940.725 2.7285e-17
9942.250 1.4142e-17
9943.775 1.6697e-17
9945.300 1.7262e-17
9946.825 1.1593e-17
9948.350 1.0414e-17
9949.875 8.6833e-18
9951.400 1.0209e-17
9952.925 1.0479e-17
9954.450 1.3977e-17
9955.975 2.0908e-17
9957.500 1.1247e-17
9959.025 5.1482e-18
9960.550 1.2224e-17
9962.075 1.0085e-17
9963.600 7.4281e-18
9965.125 1.1007e-17
9966.650 9.6386e-18
9968.175 8.5163e-18
9969.700 1.8153e-17
9971.225 1.964e-17
9972.750 1.1133e-17
9974.275 1.2133e-17
9975.800 1.3582e-17
9977.325 1.2301e-17
9978.850 1.3223e-17
9980.375 8.6051e-18
9981.900 5.3027e-18
9983.425 8.9766e-18
9984.950 1.1536e-17
9986.475 1.1676e-17
9988.000 1.0281e-17
9989.525 1.1218e-17
9991.050 1.2378e-17
9992.575 1.4783e-17
9994.100 1.7602e-17
9995.625 1.5626e-17
9997.150 1.2991e-17
9998.675 1.2489e-17
10000.200 1.1242e-17
