# DICHROIC = D55
# HA = +02:16:44.9
# ANGLE = 27 deg 17 min
# OBSERVER = D.Perley A.Ho
# OBSLST = 17:46:54.2
# OBJECT = ZTF19abdlzyq
# CASSPA = 89.99
# PARALLAC = 88.86
# HOURANG = W02:16:44.9
# CCDTEMP = 161.69
# LAMPS = 0000000
# RA = 15:29:25.74
# GRATING = 600/4000
# APERTURE = 1.5
# TELFOCUS = 42.62 mm
# AIRMASS = 1.132
# DEC = +38:06:17.6
# UTSHUT = 2019-08-01T04:56:17.577
# EXPTIME = 960
3400.000 1.6638e-18
3401.525 2.949e-17
3403.050 2.9422e-17
3404.575 3.3512e-17
3406.100 -3.1548e-18
3407.625 1.7719e-17
3409.150 1.5247e-17
3410.675 1.8328e-17
3412.200 1.9263e-17
3413.725 3.2924e-17
3415.250 2.942e-17
3416.775 4.2256e-17
3418.300 3.0127e-17
3419.825 1.9061e-17
3421.350 1.0218e-17
3422.875 4.5182e-17
3424.400 3.0907e-17
3425.925 5.1319e-17
3427.450 4.7754e-17
3428.975 1.3938e-17
3430.500 1.4333e-18
3432.025 9.9115e-18
3433.550 1.5074e-17
3435.075 2.4397e-17
3436.600 4.9882e-17
3438.125 3.462e-17
3439.650 6.3533e-18
3441.175 1.2567e-17
3442.700 2.6503e-17
3444.225 4.2049e-17
3445.750 2.038e-17
3447.275 2.1342e-17
3448.800 2.5446e-17
3450.325 1.3116e-17
3451.850 4.0631e-17
3453.375 1.3707e-17
3454.900 3.5082e-17
3456.425 3.579e-17
3457.950 3.1564e-17
3459.475 3.0468e-17
3461.000 1.0448e-18
3462.525 3.1522e-17
3464.050 4.4414e-17
3465.575 2.4996e-17
3467.100 3.3475e-17
3468.625 3.6873e-17
3470.150 2.1797e-17
3471.675 1.398e-18
3473.200 1.8318e-17
3474.725 3.3758e-17
3476.250 2.9522e-17
3477.775 3.0962e-17
3479.300 2.0095e-17
3480.825 -2.5295e-18
3482.350 3.084e-17
3483.875 3.471e-17
3485.400 1.7717e-17
3486.925 3.2057e-17
3488.450 1.8574e-17
3489.975 1.0531e-17
3491.500 1e-17
3493.025 5.846e-18
3494.550 2.944e-18
3496.075 8.121e-18
3497.600 3.447e-17
3499.125 1.1335e-17
3500.650 2.513e-17
3502.175 2.9435e-17
3503.700 3.9661e-17
3505.225 2.3053e-17
3506.750 2.5458e-17
3508.275 1.2436e-17
3509.800 2.2193e-17
3511.325 2.9847e-17
3512.850 2.0246e-17
3514.375 2.3081e-17
3515.900 2.373e-17
3517.425 1.2462e-17
3518.950 2.1247e-17
3520.475 4.0773e-17
3522.000 3.1251e-17
3523.525 2.4298e-17
3525.050 3.0474e-17
3526.575 3.0589e-17
3528.100 3.0794e-17
3529.625 3.6222e-17
3531.150 3.0924e-17
3532.675 1.6768e-17
3534.200 3.4157e-17
3535.725 2.685e-17
3537.250 1.3126e-17
3538.775 1.7887e-17
3540.300 2.2671e-17
3541.825 1.9738e-17
3543.350 2.7038e-17
3544.875 3.0368e-17
3546.400 3.4831e-17
3547.925 1.5819e-17
3549.450 3.7535e-17
3550.975 4.2738e-17
3552.500 2.4884e-17
3554.025 3.8309e-17
3555.550 3.2161e-17
3557.075 3.6151e-17
3558.600 2.5292e-17
3560.125 2.2181e-17
3561.650 2.1489e-17
3563.175 1.7413e-17
3564.700 1.4562e-17
3566.225 2.9308e-17
3567.750 2.0667e-17
3569.275 2.9576e-17
3570.800 1.7395e-17
3572.325 3.0567e-17
3573.850 2.5289e-17
3575.375 2.2766e-17
3576.900 3.5356e-17
3578.425 3.4952e-17
3579.950 3.0674e-17
3581.475 2.7005e-17
3583.000 1.9465e-17
3584.525 2.1533e-17
3586.050 2.7618e-17
3587.575 2.9185e-17
3589.100 2.4583e-17
3590.625 1.9672e-17
3592.150 2.5383e-17
3593.675 1.9441e-17
3595.200 1.4395e-17
3596.725 3.1987e-17
3598.250 3.3396e-17
3599.775 4.0365e-17
3601.300 3.9618e-17
3602.825 3.7097e-17
3604.350 3.2454e-17
3605.875 3.1426e-17
3607.400 3.7227e-17
3608.925 3.6735e-17
3610.450 3.4489e-17
3611.975 2.3677e-17
3613.500 3.2403e-17
3615.025 3.7407e-17
3616.550 3.0648e-17
3618.075 4.4938e-17
3619.600 3.7792e-17
3621.125 2.8964e-17
3622.650 4.1603e-17
3624.175 3.4377e-17
3625.700 2.8694e-17
3627.225 2.3421e-17
3628.750 1.7232e-17
3630.275 2.5398e-17
3631.800 3.0868e-17
3633.325 2.6185e-17
3634.850 3.1266e-17
3636.375 2.59e-17
3637.900 2.6962e-17
3639.425 2.49e-17
3640.950 2.345e-17
3642.475 2.0716e-17
3644.000 2.9835e-17
3645.525 3.7355e-17
3647.050 3.4763e-17
3648.575 3.6717e-17
3650.100 4.3509e-17
3651.625 4.1897e-17
3653.150 2.5377e-17
3654.675 1.5894e-17
3656.200 2.5462e-17
3657.725 1.639e-17
3659.250 2.123e-17
3660.775 2.5468e-17
3662.300 2.5004e-17
3663.825 1.7889e-17
3665.350 2.7818e-17
3666.875 2.9875e-17
3668.400 2.2896e-17
3669.925 2.3212e-17
3671.450 2.1936e-17
3672.975 1.9164e-17
3674.500 3.0591e-17
3676.025 3.5909e-17
3677.550 3.4408e-17
3679.075 2.9e-17
3680.600 1.5094e-17
3682.125 1.412e-17
3683.650 1.3223e-17
3685.175 2.3853e-17
3686.700 2.4358e-17
3688.225 2.0207e-17
3689.750 1.5485e-17
3691.275 1.4263e-17
3692.800 1.9125e-17
3694.325 2.1529e-17
3695.850 1.1639e-17
3697.375 1.8341e-17
3698.900 2.0694e-17
3700.425 2.2287e-17
3701.950 2.9762e-17
3703.475 3.1024e-17
3705.000 2.1684e-17
3706.525 1.6709e-17
3708.050 1.9039e-17
3709.575 2.2014e-17
3711.100 1.9294e-17
3712.625 1.7001e-17
3714.150 2.1799e-17
3715.675 2.459e-17
3717.200 3.4505e-17
3718.725 1.1126e-17
3720.250 1.5378e-17
3721.775 1.6215e-17
3723.300 1.9204e-17
3724.825 1.6627e-17
3726.350 2.2535e-17
3727.875 2.2673e-17
3729.400 2.2239e-17
3730.925 1.2947e-17
3732.450 1.0161e-17
3733.975 1.4225e-17
3735.500 1.141e-17
3737.025 1.488e-17
3738.550 1.086e-17
3740.075 1.5264e-17
3741.600 2.2694e-17
3743.125 1.6734e-17
3744.650 1.633e-17
3746.175 2.9484e-17
3747.700 2.6883e-17
3749.225 1.9724e-17
3750.750 1.0249e-17
3752.275 1.5823e-17
3753.800 1.3333e-17
3755.325 1.5101e-17
3756.850 2.274e-17
3758.375 2.1402e-17
3759.900 1.8579e-17
3761.425 2.0346e-17
3762.950 2.1271e-17
3764.475 1.5195e-17
3766.000 1.6432e-17
3767.525 1.5969e-17
3769.050 3.1576e-17
3770.575 2.3495e-17
3772.100 2.1958e-17
3773.625 2.1289e-17
3775.150 2.1066e-17
3776.675 2.4504e-17
3778.200 2.5375e-17
3779.725 2.0528e-17
3781.250 2.5778e-17
3782.775 2.5417e-17
3784.300 1.3723e-17
3785.825 2.2239e-17
3787.350 2.5984e-17
3788.875 2.1065e-17
3790.400 2.3608e-17
3791.925 2.6236e-17
3793.450 2.4522e-17
3794.975 2.5523e-17
3796.500 3.0076e-17
3798.025 2.8416e-17
3799.550 2.451e-17
3801.075 2.0624e-17
3802.600 2.1931e-17
3804.125 2.1533e-17
3805.650 2.8631e-17
3807.175 2.044e-17
3808.700 1.7708e-17
3810.225 2.3685e-17
3811.750 2.2074e-17
3813.275 2.1732e-17
3814.800 2.2672e-17
3816.325 2.47e-17
3817.850 2.4484e-17
3819.375 3.0976e-17
3820.900 3.3041e-17
3822.425 2.4784e-17
3823.950 2.8295e-17
3825.475 2.5475e-17
3827.000 2.5441e-17
3828.525 2.5798e-17
3830.050 2.7643e-17
3831.575 2.9468e-17
3833.100 2.6785e-17
3834.625 2.7187e-17
3836.150 2.4057e-17
3837.675 2.5678e-17
3839.200 2.3918e-17
3840.725 3.6338e-17
3842.250 4.4122e-17
3843.775 4.391e-17
3845.300 3.9739e-17
3846.825 2.8918e-17
3848.350 3.5001e-17
3849.875 3.6383e-17
3851.400 3.0787e-17
3852.925 3.2192e-17
3854.450 2.9193e-17
3855.975 3.4503e-17
3857.500 3.0505e-17
3859.025 3.1585e-17
3860.550 4.1134e-17
3862.075 3.7623e-17
3863.600 2.8643e-17
3865.125 2.8713e-17
3866.650 3.606e-17
3868.175 3.8302e-17
3869.700 4.1319e-17
3871.225 3.5553e-17
3872.750 2.9282e-17
3874.275 3.3327e-17
3875.800 3.7924e-17
3877.325 4.1905e-17
3878.850 3.4293e-17
3880.375 3.3849e-17
3881.900 3.5288e-17
3883.425 4.2074e-17
3884.950 4.6711e-17
3886.475 4.804e-17
3888.000 5.3365e-17
3889.525 4.4647e-17
3891.050 4.3945e-17
3892.575 3.264e-17
3894.100 3.6726e-17
3895.625 4.9677e-17
3897.150 5.0158e-17
3898.675 4.5366e-17
3900.200 4.7279e-17
3901.725 4.6614e-17
3903.250 4.901e-17
3904.775 4.6815e-17
3906.300 4.6562e-17
3907.825 5.1894e-17
3909.350 5.4323e-17
3910.875 4.7782e-17
3912.400 5.0205e-17
3913.925 5.0737e-17
3915.450 5.1482e-17
3916.975 5.4007e-17
3918.500 5.0834e-17
3920.025 5.3895e-17
3921.550 5.0349e-17
3923.075 5.9032e-17
3924.600 5.368e-17
3926.125 4.7936e-17
3927.650 5.0392e-17
3929.175 4.9725e-17
3930.700 5.4834e-17
3932.225 5.7076e-17
3933.750 4.7072e-17
3935.275 3.7971e-17
3936.800 4.5257e-17
3938.325 4.346e-17
3939.850 4.6986e-17
3941.375 4.9923e-17
3942.900 5.6294e-17
3944.425 4.9823e-17
3945.950 5.5551e-17
3947.475 5.1992e-17
3949.000 4.6786e-17
3950.525 4.9743e-17
3952.050 4.2542e-17
3953.575 4.6232e-17
3955.100 5.2173e-17
3956.625 4.9633e-17
3958.150 5.2131e-17
3959.675 5.1199e-17
3961.200 5.3718e-17
3962.725 5.3867e-17
3964.250 4.7341e-17
3965.775 4.7273e-17
3967.300 5.1641e-17
3968.825 4.8433e-17
3970.350 4.7171e-17
3971.875 4.8331e-17
3973.400 4.928e-17
3974.925 4.6807e-17
3976.450 4.8932e-17
3977.975 5.3817e-17
3979.500 5.0526e-17
3981.025 5.8319e-17
3982.550 4.6945e-17
3984.075 4.6939e-17
3985.600 4.7742e-17
3987.125 4.135e-17
3988.650 3.7591e-17
3990.175 4.1453e-17
3991.700 5.2705e-17
3993.225 5.4224e-17
3994.750 4.4203e-17
3996.275 3.9144e-17
3997.800 4.6547e-17
3999.325 4.6506e-17
4000.850 4.2665e-17
4002.375 4.8629e-17
4003.900 4.8472e-17
4005.425 4.5392e-17
4006.950 5.3221e-17
4008.475 4.7565e-17
4010.000 4.1915e-17
4011.525 4.4652e-17
4013.050 5.6808e-17
4014.575 5.3227e-17
4016.100 5.0453e-17
4017.625 4.9739e-17
4019.150 5.0111e-17
4020.675 4.516e-17
4022.200 5.2407e-17
4023.725 5.4469e-17
4025.250 6.0825e-17
4026.775 5.4912e-17
4028.300 5.0915e-17
4029.825 5.5321e-17
4031.350 5.4474e-17
4032.875 4.8507e-17
4034.400 4.86e-17
4035.925 5.0738e-17
4037.450 5.4783e-17
4038.975 4.9514e-17
4040.500 4.7181e-17
4042.025 4.9885e-17
4043.550 4.9375e-17
4045.075 5.6603e-17
4046.600 7.1447e-17
4048.125 7.5497e-17
4049.650 5.9835e-17
4051.175 4.8826e-17
4052.700 5.4088e-17
4054.225 5.591e-17
4055.750 5.8121e-17
4057.275 4.8092e-17
4058.800 5.1694e-17
4060.325 5.3372e-17
4061.850 5.7518e-17
4063.375 5.6016e-17
4064.900 4.717e-17
4066.425 4.8601e-17
4067.950 5.0931e-17
4069.475 4.5971e-17
4071.000 4.1988e-17
4072.525 4.3992e-17
4074.050 4.9238e-17
4075.575 5.0028e-17
4077.100 5.0209e-17
4078.625 5.1025e-17
4080.150 4.8647e-17
4081.675 4.2833e-17
4083.200 3.6219e-17
4084.725 4.6889e-17
4086.250 4.644e-17
4087.775 4.7787e-17
4089.300 5.415e-17
4090.825 5.3444e-17
4092.350 5.0848e-17
4093.875 5.5181e-17
4095.400 5.2994e-17
4096.925 4.9874e-17
4098.450 5.425e-17
4099.975 5.1275e-17
4101.500 5.3396e-17
4103.025 5.4855e-17
4104.550 5.7931e-17
4106.075 5.6323e-17
4107.600 5.7663e-17
4109.125 5.3308e-17
4110.650 5.0888e-17
4112.175 5.7334e-17
4113.700 5.8708e-17
4115.225 4.8794e-17
4116.750 5.0462e-17
4118.275 5.69e-17
4119.800 6.0594e-17
4121.325 5.683e-17
4122.850 5.1139e-17
4124.375 5.3593e-17
4125.900 6.127e-17
4127.425 5.6464e-17
4128.950 5.0532e-17
4130.475 4.8413e-17
4132.000 5.0532e-17
4133.525 5.9167e-17
4135.050 6.1413e-17
4136.575 5.9254e-17
4138.100 6.4393e-17
4139.625 6.0333e-17
4141.150 4.9132e-17
4142.675 5.0289e-17
4144.200 4.6721e-17
4145.725 5.1913e-17
4147.250 6.2139e-17
4148.775 6.0502e-17
4150.300 5.425e-17
4151.825 4.762e-17
4153.350 5.4198e-17
4154.875 5.5817e-17
4156.400 6.1156e-17
4157.925 5.8902e-17
4159.450 5.6622e-17
4160.975 6.3763e-17
4162.500 6.3419e-17
4164.025 5.264e-17
4165.550 4.8038e-17
4167.075 5.2085e-17
4168.600 5.3644e-17
4170.125 5.1999e-17
4171.650 5.1399e-17
4173.175 5.0189e-17
4174.700 5.5135e-17
4176.225 5.3589e-17
4177.750 5.1313e-17
4179.275 4.8827e-17
4180.800 5.7654e-17
4182.325 5.4689e-17
4183.850 5.7189e-17
4185.375 5.159e-17
4186.900 4.8023e-17
4188.425 5.595e-17
4189.950 5.5418e-17
4191.475 5.389e-17
4193.000 5.0707e-17
4194.525 4.918e-17
4196.050 4.7309e-17
4197.575 5.1952e-17
4199.100 5.2497e-17
4200.625 5.3229e-17
4202.150 5.1756e-17
4203.675 4.5313e-17
4205.200 4.4976e-17
4206.725 5.3107e-17
4208.250 5.2773e-17
4209.775 5.16e-17
4211.300 5.4704e-17
4212.825 5.1137e-17
4214.350 4.8124e-17
4215.875 5.2286e-17
4217.400 5.0611e-17
4218.925 5.2804e-17
4220.450 5.2579e-17
4221.975 4.7022e-17
4223.500 5.6737e-17
4225.025 5.6858e-17
4226.550 5.0464e-17
4228.075 5.0503e-17
4229.600 5.4953e-17
4231.125 4.958e-17
4232.650 4.5813e-17
4234.175 5.0446e-17
4235.700 4.5073e-17
4237.225 4.0769e-17
4238.750 4.1042e-17
4240.275 4.7081e-17
4241.800 5.5935e-17
4243.325 5.4982e-17
4244.850 4.9913e-17
4246.375 5.5798e-17
4247.900 5.2979e-17
4249.425 5.4205e-17
4250.950 5.1695e-17
4252.475 4.8034e-17
4254.000 5.0902e-17
4255.525 4.7038e-17
4257.050 4.3121e-17
4258.575 4.9084e-17
4260.100 5.8196e-17
4261.625 5.4629e-17
4263.150 5.1257e-17
4264.675 5.3774e-17
4266.200 4.922e-17
4267.725 5.6336e-17
4269.250 5.1245e-17
4270.775 4.9126e-17
4272.300 5.5813e-17
4273.825 5.0828e-17
4275.350 4.978e-17
4276.875 5.2832e-17
4278.400 5.0601e-17
4279.925 4.8905e-17
4281.450 4.446e-17
4282.975 5.3008e-17
4284.500 5.0669e-17
4286.025 4.7283e-17
4287.550 5.8595e-17
4289.075 5.0755e-17
4290.600 4.7659e-17
4292.125 5.2796e-17
4293.650 5.1116e-17
4295.175 5.8942e-17
4296.700 5.2917e-17
4298.225 4.9262e-17
4299.750 4.5778e-17
4301.275 4.839e-17
4302.800 5.3335e-17
4304.325 4.7653e-17
4305.850 5.6463e-17
4307.375 5.7289e-17
4308.900 5.7915e-17
4310.425 5.4878e-17
4311.950 5.4584e-17
4313.475 4.9493e-17
4315.000 5.1973e-17
4316.525 5.2626e-17
4318.050 5.8541e-17
4319.575 5.2092e-17
4321.100 5.3932e-17
4322.625 5.4477e-17
4324.150 5.1494e-17
4325.675 5.3178e-17
4327.200 4.5939e-17
4328.725 4.8626e-17
4330.250 5.4076e-17
4331.775 5.1085e-17
4333.300 5.1614e-17
4334.825 5.8609e-17
4336.350 6.0648e-17
4337.875 5.8233e-17
4339.400 5.2507e-17
4340.925 5.0104e-17
4342.450 5.4456e-17
4343.975 4.6184e-17
4345.500 5.4884e-17
4347.025 6.1224e-17
4348.550 5.5245e-17
4350.075 4.762e-17
4351.600 5.4975e-17
4353.125 5.3063e-17
4354.650 5.9221e-17
4356.175 6.0823e-17
4357.700 6.6075e-17
4359.225 7.1296e-17
4360.750 5.1627e-17
4362.275 5.9486e-17
4363.800 5.6554e-17
4365.325 4.7101e-17
4366.850 5.0862e-17
4368.375 4.8207e-17
4369.900 5.504e-17
4371.425 5.4381e-17
4372.950 5.2047e-17
4374.475 5.0122e-17
4376.000 5.599e-17
4377.525 5.5777e-17
4379.050 5.6381e-17
4380.575 5.5206e-17
4382.100 6.0179e-17
4383.625 5.7491e-17
4385.150 4.9745e-17
4386.675 5.3422e-17
4388.200 5.0543e-17
4389.725 4.7394e-17
4391.250 5.4625e-17
4392.775 5.3191e-17
4394.300 5.674e-17
4395.825 5.7593e-17
4397.350 5.2043e-17
4398.875 5.2761e-17
4400.400 5.5716e-17
4401.925 5.0259e-17
4403.450 5.8295e-17
4404.975 4.9916e-17
4406.500 4.9902e-17
4408.025 5.1562e-17
4409.550 5.0574e-17
4411.075 5.2243e-17
4412.600 5.5658e-17
4414.125 5.6631e-17
4415.650 5.5204e-17
4417.175 4.7564e-17
4418.700 5.5283e-17
4420.225 5.1429e-17
4421.750 4.6715e-17
4423.275 4.6687e-17
4424.800 4.8345e-17
4426.325 4.7523e-17
4427.850 5.7076e-17
4429.375 5.2883e-17
4430.900 5.4229e-17
4432.425 5.7033e-17
4433.950 5.9264e-17
4435.475 5.0044e-17
4437.000 5.5489e-17
4438.525 6.0668e-17
4440.050 5.4473e-17
4441.575 5.5037e-17
4443.100 6.0908e-17
4444.625 5.2117e-17
4446.150 4.2183e-17
4447.675 4.5423e-17
4449.200 4.8483e-17
4450.725 4.8286e-17
4452.250 4.8901e-17
4453.775 5.7942e-17
4455.300 5.5783e-17
4456.825 5.253e-17
4458.350 5.2626e-17
4459.875 4.7215e-17
4461.400 5.0527e-17
4462.925 4.7511e-17
4464.450 4.3037e-17
4465.975 5.1986e-17
4467.500 4.9382e-17
4469.025 4.8801e-17
4470.550 5.1799e-17
4472.075 4.8077e-17
4473.600 5.2841e-17
4475.125 4.9611e-17
4476.650 4.6815e-17
4478.175 4.6743e-17
4479.700 4.8817e-17
4481.225 5.0683e-17
4482.750 4.1416e-17
4484.275 4.7408e-17
4485.800 5.5224e-17
4487.325 5.1581e-17
4488.850 5.1307e-17
4490.375 5.1622e-17
4491.900 5.0357e-17
4493.425 3.9024e-17
4494.950 4.5536e-17
4496.475 4.7838e-17
4498.000 4.8144e-17
4499.525 4.8407e-17
4501.050 4.6909e-17
4502.575 4.1127e-17
4504.100 4.9932e-17
4505.625 4.5949e-17
4507.150 4.8338e-17
4508.675 4.917e-17
4510.200 4.3943e-17
4511.725 4.7974e-17
4513.250 4.7802e-17
4514.775 4.436e-17
4516.300 4.0229e-17
4517.825 4.704e-17
4519.350 4.7267e-17
4520.875 4.0673e-17
4522.400 4.4835e-17
4523.925 4.5121e-17
4525.450 4.2349e-17
4526.975 4.3499e-17
4528.500 4.6334e-17
4530.025 4.365e-17
4531.550 4.2727e-17
4533.075 4.2162e-17
4534.600 4.5695e-17
4536.125 4.957e-17
4537.650 5.7376e-17
4539.175 5.314e-17
4540.700 5.4217e-17
4542.225 5.2028e-17
4543.750 4.7737e-17
4545.275 4.5017e-17
4546.800 4.1789e-17
4548.325 3.9381e-17
4549.850 4.3651e-17
4551.375 3.9493e-17
4552.900 3.9997e-17
4554.425 4.5699e-17
4555.950 4.7646e-17
4557.475 4.4315e-17
4559.000 4.2176e-17
4560.525 4.1458e-17
4562.050 5.1611e-17
4563.575 4.8408e-17
4565.100 4.7397e-17
4566.625 4.0625e-17
4568.150 4.0189e-17
4569.675 5.1471e-17
4571.200 3.7727e-17
4572.725 4.4544e-17
4574.250 4.5718e-17
4575.775 5.0147e-17
4577.300 4.2608e-17
4578.825 4.2645e-17
4580.350 5.0338e-17
4581.875 4.2186e-17
4583.400 4.2242e-17
4584.925 3.6603e-17
4586.450 4.2378e-17
4587.975 3.3993e-17
4589.500 3.6462e-17
4591.025 3.813e-17
4592.550 3.4928e-17
4594.075 4.4055e-17
4595.600 3.8581e-17
4597.125 3.712e-17
4598.650 4.5097e-17
4600.175 4.8409e-17
4601.700 4.0109e-17
4603.225 3.986e-17
4604.750 4.6842e-17
4606.275 5.3792e-17
4607.800 4.2153e-17
4609.325 4.3054e-17
4610.850 4.4273e-17
4612.375 3.8284e-17
4613.900 4.4798e-17
4615.425 4.2044e-17
4616.950 3.7457e-17
4618.475 3.66e-17
4620.000 4.3557e-17
4621.525 4.1987e-17
4623.050 4.2917e-17
4624.575 4.5147e-17
4626.100 4.8824e-17
4627.625 4.4384e-17
4629.150 4.4746e-17
4630.675 3.8879e-17
4632.200 4.7764e-17
4633.725 3.6195e-17
4635.250 3.9601e-17
4636.775 4.3353e-17
4638.300 4.0953e-17
4639.825 4.1933e-17
4641.350 4.5799e-17
4642.875 4.2898e-17
4644.400 4.0389e-17
4645.925 3.9339e-17
4647.450 3.3803e-17
4648.975 3.1139e-17
4650.500 4.2911e-17
4652.025 4.0918e-17
4653.550 4.5445e-17
4655.075 4.2668e-17
4656.600 4.209e-17
4658.125 4.8966e-17
4659.650 4.2241e-17
4661.175 4.2553e-17
4662.700 3.9805e-17
4664.225 5.4013e-17
4665.750 4.5268e-17
4667.275 4.4948e-17
4668.800 4.575e-17
4670.325 5.0269e-17
4671.850 3.6634e-17
4673.375 3.6022e-17
4674.900 3.6624e-17
4676.425 3.5635e-17
4677.950 3.4858e-17
4679.475 4.1162e-17
4681.000 4.1405e-17
4682.525 3.9128e-17
4684.050 3.2209e-17
4685.575 3.6706e-17
4687.100 4.3199e-17
4688.625 4.4094e-17
4690.150 3.6156e-17
4691.675 4.3096e-17
4693.200 4.3588e-17
4694.725 4.1724e-17
4696.250 3.2531e-17
4697.775 4.3888e-17
4699.300 4.0068e-17
4700.825 4.2925e-17
4702.350 4.2739e-17
4703.875 3.9915e-17
4705.400 3.9796e-17
4706.925 3.6725e-17
4708.450 3.7969e-17
4709.975 4.1171e-17
4711.500 3.5316e-17
4713.025 3.8409e-17
4714.550 4.0936e-17
4716.075 4.1778e-17
4717.600 4.1127e-17
4719.125 3.3976e-17
4720.650 3.9334e-17
4722.175 4.1149e-17
4723.700 3.6526e-17
4725.225 3.9637e-17
4726.750 4.3843e-17
4728.275 3.2916e-17
4729.800 4.1364e-17
4731.325 4.0934e-17
4732.850 4.2306e-17
4734.375 4.1385e-17
4735.900 4.0212e-17
4737.425 4.3022e-17
4738.950 4.0841e-17
4740.475 4.237e-17
4742.000 4.5806e-17
4743.525 4.5353e-17
4745.050 4.0152e-17
4746.575 4.0033e-17
4748.100 4.0286e-17
4749.625 4.3145e-17
4751.150 4.3769e-17
4752.675 5.1587e-17
4754.200 5.2773e-17
4755.725 4.9892e-17
4757.250 4.4631e-17
4758.775 4.3622e-17
4760.300 4.0057e-17
4761.825 4.6911e-17
4763.350 4.421e-17
4764.875 4.698e-17
4766.400 4.3723e-17
4767.925 3.9438e-17
4769.450 4.359e-17
4770.975 4.3314e-17
4772.500 3.7892e-17
4774.025 4.0421e-17
4775.550 4.3399e-17
4777.075 4.2618e-17
4778.600 3.4428e-17
4780.125 4.2404e-17
4781.650 4.0828e-17
4783.175 4.1878e-17
4784.700 4.2163e-17
4786.225 4.367e-17
4787.750 4.3683e-17
4789.275 4.1669e-17
4790.800 3.9152e-17
4792.325 4.3563e-17
4793.850 4.8135e-17
4795.375 3.7309e-17
4796.900 3.685e-17
4798.425 4.2993e-17
4799.950 4.6689e-17
4801.475 4.1515e-17
4803.000 4.4224e-17
4804.525 4.7848e-17
4806.050 4.6154e-17
4807.575 4.3891e-17
4809.100 4.2733e-17
4810.625 4.046e-17
4812.150 4.1299e-17
4813.675 4.0137e-17
4815.200 4.1981e-17
4816.725 4.3085e-17
4818.250 3.7494e-17
4819.775 4.278e-17
4821.300 4.6044e-17
4822.825 4.4227e-17
4824.350 4.5763e-17
4825.875 4.8839e-17
4827.400 4.4106e-17
4828.925 4.9869e-17
4830.450 4.7136e-17
4831.975 4.1697e-17
4833.500 4.5638e-17
4835.025 4.7366e-17
4836.550 4.7651e-17
4838.075 5.0164e-17
4839.600 4.5119e-17
4841.125 3.8781e-17
4842.650 3.8808e-17
4844.175 4.6063e-17
4845.700 4.6832e-17
4847.225 4.4649e-17
4848.750 4.4867e-17
4850.275 4.3083e-17
4851.800 4.6449e-17
4853.325 4.3581e-17
4854.850 3.9233e-17
4856.375 4.1207e-17
4857.900 4.8994e-17
4859.425 4.6412e-17
4860.950 4.7431e-17
4862.475 4.3104e-17
4864.000 4.7615e-17
4865.525 4.434e-17
4867.050 4.997e-17
4868.575 5.2936e-17
4870.100 4.7442e-17
4871.625 4.6629e-17
4873.150 4.6108e-17
4874.675 5.1768e-17
4876.200 4.2914e-17
4877.725 4.7795e-17
4879.250 4.2e-17
4880.775 4.525e-17
4882.300 4.8248e-17
4883.825 4.6433e-17
4885.350 5.1561e-17
4886.875 4.5708e-17
4888.400 4.6899e-17
4889.925 4.1455e-17
4891.450 4.7166e-17
4892.975 4.9892e-17
4894.500 4.8049e-17
4896.025 4.7586e-17
4897.550 4.4584e-17
4899.075 4.6703e-17
4900.600 4.6689e-17
4902.125 4.4301e-17
4903.650 5.2109e-17
4905.175 4.9977e-17
4906.700 4.7286e-17
4908.225 4.664e-17
4909.750 4.8121e-17
4911.275 4.6742e-17
4912.800 4.2093e-17
4914.325 3.8901e-17
4915.850 4.2713e-17
4917.375 4.1358e-17
4918.900 4.8886e-17
4920.425 4.9637e-17
4921.950 4.4569e-17
4923.475 4.2063e-17
4925.000 4.9626e-17
4926.525 5.1628e-17
4928.050 4.9968e-17
4929.575 4.8903e-17
4931.100 4.4627e-17
4932.625 4.3729e-17
4934.150 4.6472e-17
4935.675 5.0627e-17
4937.200 4.7021e-17
4938.725 4.3449e-17
4940.250 4.5323e-17
4941.775 4.9418e-17
4943.300 4.3978e-17
4944.825 4.0734e-17
4946.350 4.1175e-17
4947.875 4.4811e-17
4949.400 3.9655e-17
4950.925 4.7872e-17
4952.450 5.6172e-17
4953.975 4.7965e-17
4955.500 4.7001e-17
4957.025 4.5628e-17
4958.550 4.472e-17
4960.075 4.702e-17
4961.600 4.2487e-17
4963.125 4.8015e-17
4964.650 5.3736e-17
4966.175 4.9344e-17
4967.700 4.0895e-17
4969.225 4.2719e-17
4970.750 4.4562e-17
4972.275 4.0874e-17
4973.800 4.2525e-17
4975.325 4.8254e-17
4976.850 4.7666e-17
4978.375 4.6254e-17
4979.900 4.159e-17
4981.425 4.5993e-17
4982.950 4.6675e-17
4984.475 4.3155e-17
4986.000 4.1806e-17
4987.525 4.9707e-17
4989.050 5.1653e-17
4990.575 4.1885e-17
4992.100 4.5739e-17
4993.625 3.7956e-17
4995.150 3.89e-17
4996.675 4.7786e-17
4998.200 4.2023e-17
4999.725 4.5946e-17
5001.250 4.2728e-17
5002.775 4.4426e-17
5004.300 4.3061e-17
5005.825 4.2956e-17
5007.350 4.6646e-17
5008.875 5.3124e-17
5010.400 4.4624e-17
5011.925 3.9573e-17
5013.450 4.1198e-17
5014.975 5.0424e-17
5016.500 5.3354e-17
5018.025 5.3285e-17
5019.550 4.9046e-17
5021.075 4.8924e-17
5022.600 4.0177e-17
5024.125 4.3577e-17
5025.650 4.9494e-17
5027.175 5.2552e-17
5028.700 4.298e-17
5030.225 4.7823e-17
5031.750 4.8982e-17
5033.275 4.2949e-17
5034.800 4.1886e-17
5036.325 4.3908e-17
5037.850 4.5878e-17
5039.375 5.3654e-17
5040.900 4.771e-17
5042.425 4.318e-17
5043.950 5.0109e-17
5045.475 5.6222e-17
5047.000 5.0607e-17
5048.525 4.5686e-17
5050.050 5.479e-17
5051.575 4.6965e-17
5053.100 3.7151e-17
5054.625 3.9279e-17
5056.150 4.0785e-17
5057.675 5.2896e-17
5059.200 4.7666e-17
5060.725 4.7654e-17
5062.250 4.9173e-17
5063.775 4.5794e-17
5065.300 4.5419e-17
5066.825 5.241e-17
5068.350 4.4664e-17
5069.875 4.4337e-17
5071.400 4.364e-17
5072.925 4.256e-17
5074.450 4.6777e-17
5075.975 4.8922e-17
5077.500 4.6794e-17
5079.025 3.9549e-17
5080.550 4.4162e-17
5082.075 5.2388e-17
5083.600 4.6967e-17
5085.125 4.9779e-17
5086.650 5.8143e-17
5088.175 5.5604e-17
5089.700 5.0499e-17
5091.225 4.6186e-17
5092.750 4.7331e-17
5094.275 5.0795e-17
5095.800 5.3716e-17
5097.325 5.2724e-17
5098.850 5.2455e-17
5100.375 4.652e-17
5101.900 4.555e-17
5103.425 4.1708e-17
5104.950 4.0562e-17
5106.475 4.7731e-17
5108.000 4.158e-17
5109.525 4.3947e-17
5111.050 4.3851e-17
5112.575 4.4059e-17
5114.100 4.4874e-17
5115.625 3.9521e-17
5117.150 4.1628e-17
5118.675 4.5019e-17
5120.200 4.8515e-17
5121.725 4.5338e-17
5123.250 4.5883e-17
5124.775 4.3317e-17
5126.300 4.5149e-17
5127.825 4.4005e-17
5129.350 4.5467e-17
5130.875 4.0495e-17
5132.400 4.3236e-17
5133.925 4.4308e-17
5135.450 4.6863e-17
5136.975 5.1207e-17
5138.500 4.7946e-17
5140.025 4.5361e-17
5141.550 4.5625e-17
5143.075 4.5817e-17
5144.600 3.8027e-17
5146.125 3.49e-17
5147.650 4.3854e-17
5149.175 4.5117e-17
5150.700 4.5573e-17
5152.225 4.5801e-17
5153.750 4.1815e-17
5155.275 4.1142e-17
5156.800 4.3621e-17
5158.325 3.8767e-17
5159.850 4.1754e-17
5161.375 4.3512e-17
5162.900 4.1717e-17
5164.425 4.7094e-17
5165.950 4.9807e-17
5167.475 4.4423e-17
5169.000 4.4987e-17
5170.525 4.3476e-17
5172.050 4.775e-17
5173.575 5.3774e-17
5175.100 4.5513e-17
5176.625 4.2526e-17
5178.150 4.3953e-17
5179.675 4.26e-17
5181.200 4.2586e-17
5182.725 4.7069e-17
5184.250 4.6207e-17
5185.775 4.4478e-17
5187.300 5.0232e-17
5188.825 4.324e-17
5190.350 4.5433e-17
5191.875 4.1216e-17
5193.400 3.8495e-17
5194.925 4.3834e-17
5196.450 4.6406e-17
5197.975 4.542e-17
5199.500 4.8626e-17
5201.025 4.5131e-17
5202.550 3.6788e-17
5204.075 4.2578e-17
5205.600 4.4423e-17
5207.125 3.8373e-17
5208.650 4.3718e-17
5210.175 4.9686e-17
5211.700 4.3584e-17
5213.225 3.7138e-17
5214.750 4.0591e-17
5216.275 4.0641e-17
5217.800 3.8955e-17
5219.325 3.9772e-17
5220.850 3.6283e-17
5222.375 3.4053e-17
5223.900 3.5357e-17
5225.425 4.2034e-17
5226.950 4.1522e-17
5228.475 4.1133e-17
5230.000 4.1568e-17
5231.525 4.1021e-17
5233.050 3.9517e-17
5234.575 3.4355e-17
5236.100 4.0028e-17
5237.625 3.9541e-17
5239.150 4.3074e-17
5240.675 3.5104e-17
5242.200 3.5523e-17
5243.725 4.5939e-17
5245.250 4.0229e-17
5246.775 4.3597e-17
5248.300 4.0303e-17
5249.825 4.0184e-17
5251.350 3.5524e-17
5252.875 3.8127e-17
5254.400 3.5604e-17
5255.925 3.916e-17
5257.450 4.887e-17
5258.975 4.3421e-17
5260.500 4.3948e-17
5262.025 4.2835e-17
5263.550 4.2899e-17
5265.075 4.4716e-17
5266.600 4.5354e-17
5268.125 3.6449e-17
5269.650 3.2492e-17
5271.175 4.315e-17
5272.700 4.4402e-17
5274.225 4.2932e-17
5275.750 3.5267e-17
5277.275 3.9908e-17
5278.800 3.7534e-17
5280.325 4.2218e-17
5281.850 5.4613e-17
5283.375 4.4631e-17
5284.900 3.8852e-17
5286.425 4.2959e-17
5287.950 4.7644e-17
5289.475 4.9542e-17
5291.000 4.9018e-17
5292.525 4.4818e-17
5294.050 3.6116e-17
5295.575 4.2071e-17
5297.100 4.5099e-17
5298.625 4.521e-17
5300.150 4.914e-17
5301.675 4.4036e-17
5303.200 4.7204e-17
5304.725 4.1141e-17
5306.250 3.7642e-17
5307.775 3.4848e-17
5309.300 4.442e-17
5310.825 4.1186e-17
5312.350 3.5133e-17
5313.875 4.0417e-17
5315.400 4.2669e-17
5316.925 4.5227e-17
5318.450 4.422e-17
5319.975 4.6288e-17
5321.500 4.2774e-17
5323.025 4.3951e-17
5324.550 3.4493e-17
5326.075 3.7462e-17
5327.600 3.8674e-17
5329.125 3.8357e-17
5330.650 3.7719e-17
5332.175 3.534e-17
5333.700 3.3535e-17
5335.225 4.1697e-17
5336.750 3.8389e-17
5338.275 3.6603e-17
5339.800 3.9951e-17
5341.325 3.005e-17
5342.850 4.2388e-17
5344.375 3.1899e-17
5345.900 3.41e-17
5347.425 4.4026e-17
5348.950 3.8649e-17
5350.475 3.4438e-17
5352.000 2.9444e-17
5353.525 4.1974e-17
5355.050 4.1025e-17
5356.575 4.3353e-17
5358.100 4.3906e-17
5359.625 3.8483e-17
5361.150 3.9569e-17
5362.675 4.4603e-17
5364.200 3.319e-17
5365.725 3.094e-17
5367.250 3.8575e-17
5368.775 4.7931e-17
5370.300 3.086e-17
5371.825 2.8657e-17
5373.350 3.4788e-17
5374.875 3.8802e-17
5376.400 3.05e-17
5377.925 3.3153e-17
5379.450 3.6522e-17
5380.975 3.2601e-17
5382.500 3.4693e-17
5384.025 2.7067e-17
5385.550 4.5338e-17
5387.075 4.4538e-17
5388.600 4.4602e-17
5390.125 4.6678e-17
5391.650 3.7326e-17
5393.175 3.6865e-17
5394.700 3.7685e-17
5396.225 3.9659e-17
5397.750 4.0717e-17
5399.275 4.8388e-17
5400.800 4.8185e-17
5402.325 4.3303e-17
5403.850 4.2259e-17
5405.375 3.5095e-17
5406.900 3.5943e-17
5408.425 3.93e-17
5409.950 4.2367e-17
5411.475 3.6334e-17
5413.000 3.1301e-17
5414.525 2.5001e-17
5416.050 3.6391e-17
5417.575 4.7927e-17
5419.100 3.6633e-17
5420.625 3.7484e-17
5422.150 3.955e-17
5423.675 4.2915e-17
5425.200 4.1642e-17
5426.725 3.2025e-17
5428.250 3.4764e-17
5429.775 3.5772e-17
5431.300 4.0827e-17
5432.825 4.5909e-17
5434.350 4.146e-17
5435.875 3.1121e-17
5437.400 3.1899e-17
5438.925 3.8436e-17
5440.450 2.9393e-17
5441.975 3.6936e-17
5443.500 4.3784e-17
5445.025 4.7519e-17
5446.550 4.1092e-17
5448.075 3.0333e-17
5449.600 2.8784e-17
5451.125 3.0696e-17
5452.650 4.666e-17
5454.175 3.5574e-17
5455.700 2.6626e-17
5457.225 3.4428e-17
5458.750 3.5044e-17
5460.275 3.46e-17
5461.800 4.7732e-17
5463.325 3.6967e-17
5464.850 3.3025e-17
5466.375 4.4648e-17
5467.900 4.8742e-17
5469.425 3.3881e-17
5470.950 3.8688e-17
5472.475 5.6677e-17
5474.000 5.065e-17
5475.525 5.1659e-17
5477.050 5.0791e-17
5478.575 3.5597e-17
5480.100 3.6415e-17
5481.625 4.4241e-17
5483.150 4.3964e-17
5484.675 2.4632e-17
5486.200 3.8874e-17
5487.725 3.451e-17
5489.250 3.4299e-17
5490.775 3.6261e-17
5492.300 2.4989e-17
5493.825 3.7057e-17
5495.350 3.2929e-17
5496.875 3.4372e-17
5498.400 2.9688e-17
5499.925 4.5269e-17
5501.450 4.2894e-17
5502.975 4.6764e-17
5504.500 4.6658e-17
5506.025 3.7553e-17
5507.550 4.5377e-17
5509.075 4.0881e-17
5510.600 4.182e-17
5512.125 4.4456e-17
5513.650 4.3496e-17
5515.175 4.1584e-17
5516.700 3.602e-17
5518.225 3.7904e-17
5519.750 4.6171e-17
5521.275 4.3815e-17
5522.800 4.5654e-17
5524.325 4.3184e-17
5525.850 4.4578e-17
5527.375 5.0314e-17
5528.900 4.5964e-17
5530.425 3.7519e-17
5531.950 4.1111e-17
5533.475 4.3553e-17
5535.000 4.0014e-17
5536.525 4.635e-17
5538.050 4.9328e-17
5539.575 4.0799e-17
5541.100 4.0357e-17
5542.625 4.86e-17
5544.150 5.0922e-17
5545.675 4.7709e-17
5547.200 4.2476e-17
5548.725 4.0073e-17
5550.250 4.4246e-17
5551.775 3.7036e-17
5553.300 3.439e-17
5554.825 4.7008e-17
5556.350 4.3798e-17
5557.875 3.5264e-17
5559.400 4.2994e-17
5560.925 3.9217e-17
5562.450 3.6175e-17
5563.975 4.2322e-17
5565.500 4.1123e-17
5567.025 4.6223e-17
5568.550 4.8698e-17
5570.075 4.0303e-17
5571.600 4.3856e-17
5573.125 4.3098e-17
5574.650 4.0986e-17
5576.175 4.6506e-17
5577.700 4.5105e-17
5579.225 4.1035e-17
5580.750 3.6866e-17
5582.275 3.7995e-17
5583.800 4.0612e-17
5585.325 4.0016e-17
5586.850 3.8675e-17
5588.375 3.8271e-17
5589.900 3.7961e-17
5591.425 3.7077e-17
5592.950 3.2573e-17
5594.475 3.6342e-17
5596.000 4.2771e-17
5597.525 4.1647e-17
5599.050 3.8103e-17
5600.575 3.2556e-17
5602.100 3.5383e-17
5603.625 3.682e-17
5605.150 4.1966e-17
5606.675 4.8064e-17
5608.200 4.1198e-17
5609.725 4.1296e-17
5611.250 4.3629e-17
5612.775 3.7536e-17
5614.300 3.5516e-17
5615.825 3.789e-17
5617.350 3.8968e-17
5618.875 4.1164e-17
5620.400 4.6297e-17
5621.925 4.1753e-17
5623.450 3.3878e-17
5624.975 3.6307e-17
5626.500 3.9031e-17
5628.025 3.6887e-17
5629.550 3.598e-17
5631.075 3.3425e-17
5632.600 3.4544e-17
5634.125 4.4156e-17
5635.650 4.6421e-17
5637.175 4.0326e-17
5638.700 4.2382e-17
5640.225 3.4853e-17
5641.750 3.5174e-17
5643.275 4.6919e-17
5644.800 4.3232e-17
5646.325 3.8387e-17
5647.850 3.8789e-17
5649.375 3.2211e-17
5650.900 3.489e-17
5652.425 3.7625e-17
5653.950 3.6755e-17
5655.475 3.8941e-17
5657.000 4.4139e-17
5658.525 3.6956e-17
5660.050 3.6741e-17
5661.575 3.5165e-17
5663.100 3.9183e-17
5664.625 4.0001e-17
5666.150 3.7454e-17
5667.675 3.9072e-17
5669.200 4.3666e-17
5670.725 3.696e-17
5672.250 3.1457e-17
5673.775 3.1708e-17
5675.300 3.5386e-17
5676.825 4.7055e-17
5678.350 3.8572e-17
5679.875 3.4509e-17
5681.400 4.0751e-17
5682.925 3.88e-17
5684.450 3.905e-17
5685.975 3.6427e-17
5687.500 3.9179e-17
5689.025 4.4651e-17
5690.550 4.007e-17
5692.075 3.2764e-17
5693.600 3.3458e-17
5695.125 3.8298e-17
5696.650 3.4986e-17
5698.175 3.447e-17
5699.700 3.6352e-17
5701.225 3.7548e-17
5702.750 3.3694e-17
5704.275 3.2439e-17
5705.800 3.2819e-17
5707.325 4.0703e-17
5708.850 4.5271e-17
5710.375 3.9086e-17
5711.900 3.4231e-17
5713.425 3.6622e-17
5714.950 3.8905e-17
5716.475 4.3467e-17
5718.000 4.326e-17
5719.525 4.1956e-17
5721.050 4.1467e-17
5722.575 3.7485e-17
5724.100 3.8277e-17
5725.625 3.8768e-17
5727.150 4.0725e-17
5728.675 4.2856e-17
5730.200 4.0765e-17
5731.725 3.8132e-17
5733.250 3.5503e-17
5734.775 3.6998e-17
5736.300 4.0066e-17
5737.825 3.8579e-17
5739.350 4.2911e-17
5740.875 4.1463e-17
5742.400 3.885e-17
5743.925 3.9114e-17
5745.450 3.6931e-17
5746.975 3.7359e-17
5748.500 3.8216e-17
5750.025 3.9238e-17
5751.550 4.2589e-17
5753.075 4.0132e-17
5754.600 3.5346e-17
5756.125 3.5856e-17
5757.650 3.8332e-17
5759.175 3.8919e-17
5760.700 4.3706e-17
5762.225 3.7179e-17
5763.750 3.5025e-17
5765.275 4.1902e-17
5766.800 3.9476e-17
5768.325 3.7864e-17
5769.850 4.2348e-17
5771.375 4.0051e-17
5772.900 3.5825e-17
5774.425 3.3525e-17
5775.950 3.512e-17
5777.475 3.5341e-17
5779.000 3.9413e-17
5780.525 4.0727e-17
5782.050 4.3151e-17
5783.575 4.3253e-17
5785.100 3.9463e-17
5786.625 4.378e-17
5788.150 4.1952e-17
5789.675 3.6719e-17
5791.200 4.2459e-17
5792.725 4.0736e-17
5794.250 3.8269e-17
5795.775 3.4201e-17
5797.300 3.571e-17
5798.825 3.9441e-17
5800.350 3.8441e-17
5801.875 3.8136e-17
5803.400 3.5236e-17
5804.925 3.8537e-17
5806.450 3.9733e-17
5807.975 3.5518e-17
5809.500 3.859e-17
5811.025 3.903e-17
5812.550 3.5624e-17
5814.075 3.6323e-17
5815.600 3.662e-17
5817.125 3.6138e-17
5818.650 3.996e-17
5820.175 3.8804e-17
5821.700 3.4795e-17
5823.225 3.5216e-17
5824.750 4.0633e-17
5826.275 4.0458e-17
5827.800 3.8718e-17
5829.325 3.4537e-17
5830.850 3.6615e-17
5832.375 3.7763e-17
5833.900 3.3992e-17
5835.425 3.6162e-17
5836.950 3.4499e-17
5838.475 3.3616e-17
5840.000 3.5422e-17
5841.525 3.5e-17
5843.050 4.0726e-17
5844.575 4.5198e-17
5846.100 4.058e-17
5847.625 3.652e-17
5849.150 3.8866e-17
5850.675 3.5848e-17
5852.200 3.4707e-17
5853.725 4.1306e-17
5855.250 3.8895e-17
5856.775 3.8086e-17
5858.300 4.3474e-17
5859.825 3.8265e-17
5861.350 3.3382e-17
5862.875 3.2976e-17
5864.400 3.198e-17
5865.925 3.5851e-17
5867.450 3.969e-17
5868.975 3.5864e-17
5870.500 3.557e-17
5872.025 3.8954e-17
5873.550 3.8463e-17
5875.075 3.7666e-17
5876.600 3.553e-17
5878.125 3.2078e-17
5879.650 3.1353e-17
5881.175 3.1373e-17
5882.700 2.8202e-17
5884.225 3.2965e-17
5885.750 4.1463e-17
5887.275 3.9706e-17
5888.800 3.0385e-17
5890.325 2.8835e-17
5891.850 2.9287e-17
5893.375 2.8769e-17
5894.900 2.0872e-17
5896.425 1.9663e-17
5897.950 2.8041e-17
5899.475 3.025e-17
5901.000 3.0021e-17
5902.525 2.9648e-17
5904.050 2.9449e-17
5905.575 3.4403e-17
5907.100 3.3135e-17
5908.625 2.7721e-17
5910.150 2.9703e-17
5911.675 3.3803e-17
5913.200 3.4862e-17
5914.725 3.4202e-17
5916.250 3.3148e-17
5917.775 3.3122e-17
5919.300 3.372e-17
5920.825 3.1742e-17
5922.350 3.3682e-17
5923.875 3.3708e-17
5925.400 3.098e-17
5926.925 3.1766e-17
5928.450 2.8939e-17
5929.975 2.4752e-17
5931.500 2.8672e-17
5933.025 3.2471e-17
5934.550 2.8282e-17
5936.075 2.8097e-17
5937.600 3.0873e-17
5939.125 3.2933e-17
5940.650 3.5711e-17
5942.175 3.3525e-17
5943.700 3.0569e-17
5945.225 3.0712e-17
5946.750 2.7406e-17
5948.275 2.8695e-17
5949.800 3.3011e-17
5951.325 3.1328e-17
5952.850 2.8854e-17
5954.375 3.0185e-17
5955.900 2.9776e-17
5957.425 2.9754e-17
5958.950 3.2435e-17
5960.475 3.0712e-17
5962.000 3.0021e-17
5963.525 3.2874e-17
5965.050 3.5171e-17
5966.575 3.5345e-17
5968.100 3.1903e-17
5969.625 3.0766e-17
5971.150 2.9652e-17
5972.675 3.0233e-17
5974.200 3.1409e-17
5975.725 3.252e-17
5977.250 3.0511e-17
5978.775 2.8259e-17
5980.300 3.0733e-17
5981.825 3.1947e-17
5983.350 2.8473e-17
5984.875 3.1221e-17
5986.400 3.0579e-17
5987.925 2.8396e-17
5989.450 3.0241e-17
5990.975 2.9048e-17
5992.500 3.0353e-17
5994.025 3.5332e-17
5995.550 3.3705e-17
5997.075 3.1382e-17
5998.600 3.0685e-17
6000.125 3.0445e-17
6001.650 3.1119e-17
6003.175 3.0179e-17
6004.700 2.8498e-17
6006.225 2.8464e-17
6007.750 2.6412e-17
6009.275 2.7733e-17
6010.800 3.3112e-17
6012.325 3.228e-17
6013.850 3.0276e-17
6015.375 3.2105e-17
6016.900 3.1679e-17
6018.425 2.6848e-17
6019.950 2.4915e-17
6021.475 2.7788e-17
6023.000 2.9118e-17
6024.525 2.8277e-17
6026.050 2.7433e-17
6027.575 2.8433e-17
6029.100 3.2921e-17
6030.625 3.2507e-17
6032.150 2.8694e-17
6033.675 2.8383e-17
6035.200 3.031e-17
6036.725 3.0006e-17
6038.250 3.0521e-17
6039.775 2.7799e-17
6041.300 2.6403e-17
6042.825 2.8653e-17
6044.350 2.7901e-17
6045.875 3.1299e-17
6047.400 3.0473e-17
6048.925 3.0091e-17
6050.450 3.4417e-17
6051.975 3.2294e-17
6053.500 3.0167e-17
6055.025 2.9474e-17
6056.550 2.6692e-17
6058.075 2.6255e-17
6059.600 3.0745e-17
6061.125 3.2717e-17
6062.650 3.0711e-17
6064.175 3.0957e-17
6065.700 2.8856e-17
6067.225 2.8209e-17
6068.750 2.886e-17
6070.275 2.8833e-17
6071.800 3.1543e-17
6073.325 3.2044e-17
6074.850 2.9104e-17
6076.375 2.8015e-17
6077.900 2.7821e-17
6079.425 2.889e-17
6080.950 3.0443e-17
6082.475 3.0911e-17
6084.000 3.0289e-17
6085.525 3.1849e-17
6087.050 3.2397e-17
6088.575 3.2354e-17
6090.100 3.277e-17
6091.625 2.9687e-17
6093.150 3.0814e-17
6094.675 3.3095e-17
6096.200 2.9039e-17
6097.725 2.962e-17
6099.250 2.98e-17
6100.775 2.8537e-17
6102.300 3.3015e-17
6103.825 3.339e-17
6105.350 2.9655e-17
6106.875 2.9472e-17
6108.400 3.0629e-17
6109.925 2.9295e-17
6111.450 2.9269e-17
6112.975 2.9142e-17
6114.500 3.1226e-17
6116.025 3.7326e-17
6117.550 3.6539e-17
6119.075 3.1709e-17
6120.600 3.1232e-17
6122.125 2.9969e-17
6123.650 3.0527e-17
6125.175 3.2322e-17
6126.700 3.292e-17
6128.225 2.9669e-17
6129.750 3.1503e-17
6131.275 3.2088e-17
6132.800 2.8187e-17
6134.325 2.9578e-17
6135.850 2.8855e-17
6137.375 2.6933e-17
6138.900 2.7696e-17
6140.425 2.9018e-17
6141.950 3.0052e-17
6143.475 3.3224e-17
6145.000 3.1753e-17
6146.525 2.8795e-17
6148.050 3.2028e-17
6149.575 3.3949e-17
6151.100 3.6121e-17
6152.625 3.7799e-17
6154.150 3.4053e-17
6155.675 3.3747e-17
6157.200 3.367e-17
6158.725 2.9267e-17
6160.250 3.1137e-17
6161.775 3.1612e-17
6163.300 3.072e-17
6164.825 3.2965e-17
6166.350 3.0736e-17
6167.875 3.3773e-17
6169.400 4.0216e-17
6170.925 3.6355e-17
6172.450 2.9144e-17
6173.975 2.7525e-17
6175.500 2.7201e-17
6177.025 2.7518e-17
6178.550 3.0216e-17
6180.075 3.1053e-17
6181.600 2.9424e-17
6183.125 3.0333e-17
6184.650 2.9965e-17
6186.175 3.0083e-17
6187.700 3.4327e-17
6189.225 3.7271e-17
6190.750 3.6359e-17
6192.275 3.2457e-17
6193.800 3.1735e-17
6195.325 3.6857e-17
6196.850 3.5087e-17
6198.375 3.1223e-17
6199.900 3.1093e-17
6201.425 2.9815e-17
6202.950 3.2808e-17
6204.475 3.2118e-17
6206.000 3.0098e-17
6207.525 3.1699e-17
6209.050 3.3195e-17
6210.575 3.1848e-17
6212.100 2.8154e-17
6213.625 3.0367e-17
6215.150 3.2628e-17
6216.675 3.0157e-17
6218.200 2.9462e-17
6219.725 2.9125e-17
6221.250 3.0604e-17
6222.775 3.2611e-17
6224.300 3.1812e-17
6225.825 3.0432e-17
6227.350 3.1818e-17
6228.875 3.1042e-17
6230.400 3.0245e-17
6231.925 3.1652e-17
6233.450 3.0922e-17
6234.975 2.6396e-17
6236.500 2.8563e-17
6238.025 3.3572e-17
6239.550 3.1641e-17
6241.075 3.3449e-17
6242.600 3.4385e-17
6244.125 3.2056e-17
6245.650 3.0104e-17
6247.175 2.8096e-17
6248.700 2.6694e-17
6250.225 2.7982e-17
6251.750 3.0854e-17
6253.275 3.273e-17
6254.800 3.1517e-17
6256.325 2.7815e-17
6257.850 2.7609e-17
6259.375 2.5499e-17
6260.900 2.6215e-17
6262.425 3.2425e-17
6263.950 3.3582e-17
6265.475 3.0491e-17
6267.000 2.9153e-17
6268.525 2.949e-17
6270.050 3.1503e-17
6271.575 3.2725e-17
6273.100 3.0846e-17
6274.625 2.9576e-17
6276.150 3.1181e-17
6277.675 3.068e-17
6279.200 3.1331e-17
6280.725 3.1059e-17
6282.250 2.5935e-17
6283.775 2.5306e-17
6285.300 2.8645e-17
6286.825 2.8141e-17
6288.350 3.1364e-17
6289.875 3.3832e-17
6291.400 3.2722e-17
6292.925 2.7228e-17
6294.450 2.5785e-17
6295.975 2.6753e-17
6297.500 2.56e-17
6299.025 3.1862e-17
6300.550 3.5985e-17
6302.075 2.886e-17
6303.600 2.2269e-17
6305.125 2.9579e-17
6306.650 3.5696e-17
6308.175 3.0255e-17
6309.700 2.4958e-17
6311.225 2.8526e-17
6312.750 2.9288e-17
6314.275 2.8412e-17
6315.800 2.7312e-17
6317.325 2.729e-17
6318.850 2.975e-17
6320.375 3.083e-17
6321.900 3.0023e-17
6323.425 3.1872e-17
6324.950 3.2617e-17
6326.475 2.7565e-17
6328.000 2.7789e-17
6329.525 2.6512e-17
6331.050 2.7894e-17
6332.575 3.2713e-17
6334.100 2.9493e-17
6335.625 2.9507e-17
6337.150 3.308e-17
6338.675 3.0016e-17
6340.200 2.694e-17
6341.725 2.9302e-17
6343.250 2.7139e-17
6344.775 2.5112e-17
6346.300 2.7662e-17
6347.825 2.7211e-17
6349.350 2.7954e-17
6350.875 3.0715e-17
6352.400 3.0626e-17
6353.925 2.7369e-17
6355.450 2.8462e-17
6356.975 2.8785e-17
6358.500 2.8749e-17
6360.025 3.3697e-17
6361.550 3.2826e-17
6363.075 2.7065e-17
6364.600 2.506e-17
6366.125 2.1962e-17
6367.650 2.556e-17
6369.175 2.9857e-17
6370.700 2.7837e-17
6372.225 2.9091e-17
6373.750 2.9042e-17
6375.275 2.6273e-17
6376.800 2.6783e-17
6378.325 2.8421e-17
6379.850 2.8019e-17
6381.375 2.986e-17
6382.900 3.1062e-17
6384.425 2.8633e-17
6385.950 3.1569e-17
6387.475 3.3315e-17
6389.000 2.8628e-17
6390.525 2.7757e-17
6392.050 2.5676e-17
6393.575 2.5337e-17
6395.100 2.7837e-17
6396.625 2.7926e-17
6398.150 2.9181e-17
6399.675 3.0072e-17
6401.200 2.842e-17
6402.725 2.5996e-17
6404.250 3.0281e-17
6405.775 2.8741e-17
6407.300 2.5936e-17
6408.825 2.4785e-17
6410.350 2.5347e-17
6411.875 2.7525e-17
6413.400 2.668e-17
6414.925 2.6871e-17
6416.450 2.9214e-17
6417.975 3.1254e-17
6419.500 2.8595e-17
6421.025 2.8563e-17
6422.550 2.8345e-17
6424.075 2.6847e-17
6425.600 2.4962e-17
6427.125 2.267e-17
6428.650 2.3497e-17
6430.175 2.7423e-17
6431.700 2.8083e-17
6433.225 2.8949e-17
6434.750 2.7233e-17
6436.275 2.4955e-17
6437.800 3.0278e-17
6439.325 3.2651e-17
6440.850 2.8687e-17
6442.375 2.7361e-17
6443.900 2.8069e-17
6445.425 2.625e-17
6446.950 2.4344e-17
6448.475 2.7811e-17
6450.000 2.9811e-17
6451.525 2.914e-17
6453.050 2.9189e-17
6454.575 2.5684e-17
6456.100 2.7687e-17
6457.625 2.7203e-17
6459.150 2.4719e-17
6460.675 2.7355e-17
6462.200 2.6747e-17
6463.725 2.659e-17
6465.250 2.9661e-17
6466.775 3.1572e-17
6468.300 2.6241e-17
6469.825 2.6082e-17
6471.350 2.9423e-17
6472.875 2.979e-17
6474.400 2.9431e-17
6475.925 2.8019e-17
6477.450 2.8559e-17
6478.975 2.7359e-17
6480.500 2.5749e-17
6482.025 2.8516e-17
6483.550 2.9858e-17
6485.075 2.402e-17
6486.600 2.2894e-17
6488.125 2.605e-17
6489.650 2.6638e-17
6491.175 2.7138e-17
6492.700 3.0952e-17
6494.225 3.0062e-17
6495.750 2.8614e-17
6497.275 3.0023e-17
6498.800 2.625e-17
6500.325 2.4933e-17
6501.850 2.7001e-17
6503.375 2.8032e-17
6504.900 3.0711e-17
6506.425 3.0755e-17
6507.950 2.9436e-17
6509.475 2.8055e-17
6511.000 2.6399e-17
6512.525 2.5972e-17
6514.050 2.5824e-17
6515.575 2.5789e-17
6517.100 2.7352e-17
6518.625 3.0133e-17
6520.150 2.6041e-17
6521.675 2.548e-17
6523.200 2.8811e-17
6524.725 2.7442e-17
6526.250 2.8016e-17
6527.775 2.6335e-17
6529.300 2.13e-17
6530.825 2.6713e-17
6532.350 2.9356e-17
6533.875 2.5883e-17
6535.400 2.6565e-17
6536.925 2.6948e-17
6538.450 2.5345e-17
6539.975 3.0214e-17
6541.500 2.8917e-17
6543.025 2.4925e-17
6544.550 2.5901e-17
6546.075 2.6709e-17
6547.600 2.6126e-17
6549.125 2.6748e-17
6550.650 2.6669e-17
6552.175 2.5854e-17
6553.700 2.7412e-17
6555.225 2.8815e-17
6556.750 3.1016e-17
6558.275 3.3237e-17
6559.800 3.4948e-17
6561.325 3.4086e-17
6562.850 3.2374e-17
6564.375 3.1337e-17
6565.900 3.0821e-17
6567.425 2.8405e-17
6568.950 2.8347e-17
6570.475 2.9365e-17
6572.000 2.6813e-17
6573.525 2.5362e-17
6575.050 2.6432e-17
6576.575 2.5642e-17
6578.100 2.3693e-17
6579.625 2.3428e-17
6581.150 2.5311e-17
6582.675 2.6919e-17
6584.200 2.6111e-17
6585.725 2.3743e-17
6587.250 2.4535e-17
6588.775 2.764e-17
6590.300 2.4142e-17
6591.825 2.0277e-17
6593.350 2.2707e-17
6594.875 2.5161e-17
6596.400 2.6185e-17
6597.925 2.6835e-17
6599.450 2.373e-17
6600.975 2.4681e-17
6602.500 2.4302e-17
6604.025 2.36e-17
6605.550 2.4725e-17
6607.075 2.5128e-17
6608.600 2.1504e-17
6610.125 2.276e-17
6611.650 2.6683e-17
6613.175 2.5137e-17
6614.700 2.4355e-17
6616.225 2.4731e-17
6617.750 2.3115e-17
6619.275 2.4293e-17
6620.800 2.4826e-17
6622.325 2.6199e-17
6623.850 2.7167e-17
6625.375 2.5806e-17
6626.900 2.4783e-17
6628.425 2.3044e-17
6629.950 2.2994e-17
6631.475 2.3979e-17
6633.000 2.3158e-17
6634.525 2.3178e-17
6636.050 2.5981e-17
6637.575 2.5285e-17
6639.100 2.3474e-17
6640.625 2.4457e-17
6642.150 2.5738e-17
6643.675 2.4628e-17
6645.200 2.1762e-17
6646.725 2.3105e-17
6648.250 2.4989e-17
6649.775 2.6008e-17
6651.300 2.5342e-17
6652.825 2.4114e-17
6654.350 2.4393e-17
6655.875 2.3102e-17
6657.400 2.1916e-17
6658.925 2.2355e-17
6660.450 2.483e-17
6661.975 2.6204e-17
6663.500 2.7825e-17
6665.025 2.5258e-17
6666.550 2.114e-17
6668.075 2.1708e-17
6669.600 2.1678e-17
6671.125 2.168e-17
6672.650 2.6606e-17
6674.175 2.9203e-17
6675.700 2.6173e-17
6677.225 2.5347e-17
6678.750 2.5088e-17
6680.275 2.2746e-17
6681.800 2.1251e-17
6683.325 2.4043e-17
6684.850 2.7456e-17
6686.375 2.4619e-17
6687.900 2.2179e-17
6689.425 2.6462e-17
6690.950 2.782e-17
6692.475 2.3935e-17
6694.000 2.1396e-17
6695.525 2.2102e-17
6697.050 2.4905e-17
6698.575 2.7002e-17
6700.100 2.6823e-17
6701.625 2.6321e-17
6703.150 2.3626e-17
6704.675 2.0781e-17
6706.200 2.2601e-17
6707.725 2.5324e-17
6709.250 2.6833e-17
6710.775 2.5338e-17
6712.300 2.4664e-17
6713.825 2.5241e-17
6715.350 2.4176e-17
6716.875 2.3233e-17
6718.400 2.3519e-17
6719.925 2.3688e-17
6721.450 2.3227e-17
6722.975 2.2497e-17
6724.500 2.4047e-17
6726.025 2.601e-17
6727.550 2.6499e-17
6729.075 2.5146e-17
6730.600 2.4932e-17
6732.125 2.5508e-17
6733.650 2.3657e-17
6735.175 2.2439e-17
6736.700 2.1332e-17
6738.225 2.3142e-17
6739.750 2.6165e-17
6741.275 2.4291e-17
6742.800 2.1143e-17
6744.325 2.2149e-17
6745.850 2.2694e-17
6747.375 2.4685e-17
6748.900 2.5402e-17
6750.425 2.1226e-17
6751.950 2.0466e-17
6753.475 2.2795e-17
6755.000 2.2303e-17
6756.525 2.138e-17
6758.050 2.3041e-17
6759.575 2.2262e-17
6761.100 2.2032e-17
6762.625 2.2755e-17
6764.150 2.2106e-17
6765.675 2.5546e-17
6767.200 2.6703e-17
6768.725 2.2634e-17
6770.250 2.2321e-17
6771.775 2.4218e-17
6773.300 2.3072e-17
6774.825 2.3168e-17
6776.350 2.3906e-17
6777.875 2.431e-17
6779.400 2.4376e-17
6780.925 2.4975e-17
6782.450 2.2821e-17
6783.975 2.4432e-17
6785.500 2.403e-17
6787.025 2.2891e-17
6788.550 2.2286e-17
6790.075 2.1935e-17
6791.600 2.1806e-17
6793.125 2.2509e-17
6794.650 2.1617e-17
6796.175 2.1359e-17
6797.700 2.2259e-17
6799.225 2.4042e-17
6800.750 2.5701e-17
6802.275 2.4683e-17
6803.800 1.937e-17
6805.325 2.2962e-17
6806.850 2.603e-17
6808.375 2.3172e-17
6809.900 2.3105e-17
6811.425 2.3312e-17
6812.950 2.1869e-17
6814.475 2.2702e-17
6816.000 2.3086e-17
6817.525 2.2777e-17
6819.050 2.3852e-17
6820.575 2.3612e-17
6822.100 2.2908e-17
6823.625 2.3627e-17
6825.150 2.4967e-17
6826.675 2.5181e-17
6828.200 2.4291e-17
6829.725 2.3024e-17
6831.250 2.5064e-17
6832.775 2.3175e-17
6834.300 1.9666e-17
6835.825 2.267e-17
6837.350 2.3804e-17
6838.875 2.4279e-17
6840.400 2.353e-17
6841.925 2.3189e-17
6843.450 2.3106e-17
6844.975 2.2388e-17
6846.500 2.0519e-17
6848.025 1.8671e-17
6849.550 2.0167e-17
6851.075 2.0969e-17
6852.600 2.1341e-17
6854.125 2.068e-17
6855.650 2.1735e-17
6857.175 2.2961e-17
6858.700 2.3217e-17
6860.225 2.3842e-17
6861.750 2.3276e-17
6863.275 2.1809e-17
6864.800 2.065e-17
6866.325 1.6943e-17
6867.850 1.5938e-17
6869.375 1.6907e-17
6870.900 1.9236e-17
6872.425 2.2861e-17
6873.950 2.1387e-17
6875.475 1.9072e-17
6877.000 1.7294e-17
6878.525 1.8259e-17
6880.050 2.0798e-17
6881.575 2.1284e-17
6883.100 2.1459e-17
6884.625 2.0557e-17
6886.150 2.1823e-17
6887.675 2.2991e-17
6889.200 2.1782e-17
6890.725 2.2495e-17
6892.250 2.3673e-17
6893.775 2.1916e-17
6895.300 2.2164e-17
6896.825 2.23e-17
6898.350 2.2745e-17
6899.875 2.2791e-17
6901.400 2.1842e-17
6902.925 2.3106e-17
6904.450 2.3437e-17
6905.975 1.8682e-17
6907.500 1.866e-17
6909.025 2.1239e-17
6910.550 2.2226e-17
6912.075 2.4049e-17
6913.600 2.3521e-17
6915.125 2.1164e-17
6916.650 2.1531e-17
6918.175 2.12e-17
6919.700 1.873e-17
6921.225 1.9442e-17
6922.750 2.1088e-17
6924.275 1.9667e-17
6925.800 2.1003e-17
6927.325 2.1729e-17
6928.850 2.0782e-17
6930.375 2.1125e-17
6931.900 2.0487e-17
6933.425 2.0597e-17
6934.950 2.2696e-17
6936.475 2.0945e-17
6938.000 1.8227e-17
6939.525 1.9854e-17
6941.050 1.9265e-17
6942.575 1.8969e-17
6944.100 1.8548e-17
6945.625 1.7118e-17
6947.150 1.8125e-17
6948.675 1.7688e-17
6950.200 1.9406e-17
6951.725 2.3398e-17
6953.250 2.1692e-17
6954.775 1.9144e-17
6956.300 2.0625e-17
6957.825 2.206e-17
6959.350 2.143e-17
6960.875 2.0753e-17
6962.400 2.053e-17
6963.925 2.1076e-17
6965.450 2.2197e-17
6966.975 2.1718e-17
6968.500 2.2602e-17
6970.025 2.3918e-17
6971.550 2.2784e-17
6973.075 2.0187e-17
6974.600 2.0552e-17
6976.125 2.3451e-17
6977.650 2.407e-17
6979.175 2.1082e-17
6980.700 1.8294e-17
6982.225 2.0432e-17
6983.750 2.0876e-17
6985.275 2.0248e-17
6986.800 2.2026e-17
6988.325 2.4143e-17
6989.850 1.9924e-17
6991.375 1.8408e-17
6992.900 2.2407e-17
6994.425 2.1249e-17
6995.950 2.0938e-17
6997.475 1.9871e-17
6999.000 1.768e-17
7000.525 1.9597e-17
7002.050 2.2195e-17
7003.575 2.3038e-17
7005.100 2.1852e-17
7006.625 2.0358e-17
7008.150 1.9707e-17
7009.675 2.1512e-17
7011.200 2.4255e-17
7012.725 2.17e-17
7014.250 1.9328e-17
7015.775 2.5054e-17
7017.300 2.268e-17
7018.825 1.8999e-17
7020.350 1.8583e-17
7021.875 1.6442e-17
7023.400 2.092e-17
7024.925 2.3305e-17
7026.450 2.0801e-17
7027.975 2.0315e-17
7029.500 2.1847e-17
7031.025 2.2815e-17
7032.550 2.3538e-17
7034.075 2.2002e-17
7035.600 2.1946e-17
7037.125 2.4161e-17
7038.650 2.1425e-17
7040.175 2.0052e-17
7041.700 2.1682e-17
7043.225 1.7716e-17
7044.750 1.9485e-17
7046.275 2.2133e-17
7047.800 1.9021e-17
7049.325 2.0899e-17
7050.850 2.2304e-17
7052.375 2.1235e-17
7053.900 2.1247e-17
7055.425 1.9145e-17
7056.950 1.9555e-17
7058.475 2.1427e-17
7060.000 2.0402e-17
7061.525 1.9374e-17
7063.050 2.1255e-17
7064.575 2.1841e-17
7066.100 2.15e-17
7067.625 2.3227e-17
7069.150 2.1731e-17
7070.675 2.1509e-17
7072.200 2.2263e-17
7073.725 2.3175e-17
7075.250 2.3081e-17
7076.775 2.2351e-17
7078.300 1.9736e-17
7079.825 1.9316e-17
7081.350 2.1766e-17
7082.875 2.0405e-17
7084.400 1.6971e-17
7085.925 1.8568e-17
7087.450 2.0686e-17
7088.975 2.046e-17
7090.500 2.1174e-17
7092.025 2.101e-17
7093.550 2.1388e-17
7095.075 2.1055e-17
7096.600 2.068e-17
7098.125 2.1452e-17
7099.650 2.0346e-17
7101.175 2.0051e-17
7102.700 2.0518e-17
7104.225 1.9686e-17
7105.750 2.041e-17
7107.275 2.1558e-17
7108.800 2.0118e-17
7110.325 2.0325e-17
7111.850 2.0871e-17
7113.375 1.9476e-17
7114.900 1.9041e-17
7116.425 1.8905e-17
7117.950 2.0126e-17
7119.475 2.1348e-17
7121.000 2.0131e-17
7122.525 1.9811e-17
7124.050 1.9885e-17
7125.575 1.8655e-17
7127.100 1.9218e-17
7128.625 1.9946e-17
7130.150 1.8878e-17
7131.675 1.892e-17
7133.200 1.8814e-17
7134.725 2.0576e-17
7136.250 2.2964e-17
7137.775 2.1262e-17
7139.300 2.0275e-17
7140.825 1.9404e-17
7142.350 1.952e-17
7143.875 2.0675e-17
7145.400 1.9199e-17
7146.925 1.9285e-17
7148.450 2.0626e-17
7149.975 2.0707e-17
7151.500 2.1574e-17
7153.025 2.2051e-17
7154.550 2.083e-17
7156.075 2.2444e-17
7157.600 2.4639e-17
7159.125 2.3257e-17
7160.650 2.2592e-17
7162.175 2.2283e-17
7163.700 1.8631e-17
7165.225 2.0262e-17
7166.750 2.3825e-17
7168.275 2.0435e-17
7169.800 1.762e-17
7171.325 2.0548e-17
7172.850 2.2081e-17
7174.375 2.2542e-17
7175.900 2.1146e-17
7177.425 2.1857e-17
7178.950 2.1943e-17
7180.475 1.9089e-17
7182.000 1.8278e-17
7183.525 2.1457e-17
7185.050 1.9296e-17
7186.575 1.8335e-17
7188.100 1.9667e-17
7189.625 1.9593e-17
7191.150 2.1777e-17
7192.675 2.3486e-17
7194.200 2.2091e-17
7195.725 2.0759e-17
7197.250 2.1575e-17
7198.775 2.1756e-17
7200.300 2.4927e-17
7201.825 2.3642e-17
7203.350 2.373e-17
7204.875 2.4182e-17
7206.400 2.0923e-17
7207.925 1.9427e-17
7209.450 2.141e-17
7210.975 1.9801e-17
7212.500 1.7405e-17
7214.025 2.1159e-17
7215.550 2.2302e-17
7217.075 2.1405e-17
7218.600 2.335e-17
7220.125 2.3625e-17
7221.650 2.2725e-17
7223.175 2.2207e-17
7224.700 1.9435e-17
7226.225 1.9553e-17
7227.750 1.9141e-17
7229.275 1.9716e-17
7230.800 2.2347e-17
7232.325 2.3476e-17
7233.850 2.3994e-17
7235.375 2.3017e-17
7236.900 2.1654e-17
7238.425 1.9035e-17
7239.950 2.2242e-17
7241.475 2.3718e-17
7243.000 2.6287e-17
7244.525 2.5718e-17
7246.050 2.3648e-17
7247.575 2.198e-17
7249.100 2.0963e-17
7250.625 2.2139e-17
7252.150 2.0749e-17
7253.675 1.8045e-17
7255.200 1.853e-17
7256.725 2.0159e-17
7258.250 2.2486e-17
7259.775 2.1277e-17
7261.300 1.8384e-17
7262.825 2.0976e-17
7264.350 2.3721e-17
7265.875 2.0908e-17
7267.400 2.2307e-17
7268.925 2.1742e-17
7270.450 2.007e-17
7271.975 2.3948e-17
7273.500 2.3229e-17
7275.025 2.1166e-17
7276.550 2.2286e-17
7278.075 2.05e-17
7279.600 2.044e-17
7281.125 2.1917e-17
7282.650 1.8103e-17
7284.175 1.7336e-17
7285.700 2.0354e-17
7287.225 1.683e-17
7288.750 1.5295e-17
7290.275 1.8993e-17
7291.800 2.0466e-17
7293.325 2.0741e-17
7294.850 1.7992e-17
7296.375 1.451e-17
7297.900 1.6359e-17
7299.425 2.0558e-17
7300.950 2.1984e-17
7302.475 2.3657e-17
7304.000 2.3773e-17
7305.525 2.3093e-17
7307.050 2.3069e-17
7308.575 2.1087e-17
7310.100 2.0709e-17
7311.625 2.3456e-17
7313.150 2.4192e-17
7314.675 2.3184e-17
7316.200 2.2943e-17
7317.725 2.2098e-17
7319.250 2.1793e-17
7320.775 2.3357e-17
7322.300 2.0981e-17
7323.825 1.9143e-17
7325.350 2.3079e-17
7326.875 2.3969e-17
7328.400 2.0771e-17
7329.925 2.0461e-17
7331.450 2.1965e-17
7332.975 2.2617e-17
7334.500 2.1784e-17
7336.025 2.2195e-17
7337.550 2.6373e-17
7339.075 2.5448e-17
7340.600 2.3489e-17
7342.125 2.3242e-17
7343.650 2.1983e-17
7345.175 2.0087e-17
7346.700 1.7705e-17
7348.225 1.9374e-17
7349.750 2.0504e-17
7351.275 2.0145e-17
7352.800 2.1829e-17
7354.325 2.1725e-17
7355.850 2.1688e-17
7357.375 2.1234e-17
7358.900 2.0996e-17
7360.425 2.2167e-17
7361.950 2.3389e-17
7363.475 2.4836e-17
7365.000 2.2177e-17
7366.525 2.0068e-17
7368.050 2.1231e-17
7369.575 2.1043e-17
7371.100 2.1379e-17
7372.625 2.2689e-17
7374.150 2.2472e-17
7375.675 2.1929e-17
7377.200 2.2302e-17
7378.725 2.0296e-17
7380.250 1.8866e-17
7381.775 1.7789e-17
7383.300 1.8448e-17
7384.825 1.9868e-17
7386.350 1.9885e-17
7387.875 2.0872e-17
7389.400 2.0004e-17
7390.925 2.0934e-17
7392.450 2.1214e-17
7393.975 2.0052e-17
7395.500 1.8991e-17
7397.025 1.9664e-17
7398.550 1.9478e-17
7400.075 2.2001e-17
7401.600 2.2286e-17
7403.125 1.9959e-17
7404.650 1.9877e-17
7406.175 2.0174e-17
7407.700 1.9419e-17
7409.225 1.8185e-17
7410.750 1.9319e-17
7412.275 1.8393e-17
7413.800 1.9345e-17
7415.325 2.1336e-17
7416.850 2.0286e-17
7418.375 1.8756e-17
7419.900 1.9281e-17
7421.425 2.1306e-17
7422.950 2.1868e-17
7424.475 1.941e-17
7426.000 1.9751e-17
7427.525 2.0837e-17
7429.050 2.0816e-17
7430.575 2.1068e-17
7432.100 2.2284e-17
7433.625 2.3369e-17
7435.150 2.53e-17
7436.675 2.6965e-17
7438.200 2.3009e-17
7439.725 2.0892e-17
7441.250 2.1904e-17
7442.775 2.0119e-17
7444.300 1.8965e-17
7445.825 1.9408e-17
7447.350 1.9752e-17
7448.875 2.0576e-17
7450.400 2.0861e-17
7451.925 1.9593e-17
7453.450 1.8783e-17
7454.975 1.8482e-17
7456.500 1.7228e-17
7458.025 1.7294e-17
7459.550 1.7811e-17
7461.075 1.6748e-17
7462.600 1.8013e-17
7464.125 1.9236e-17
7465.650 1.9935e-17
7467.175 2.0446e-17
7468.700 1.8576e-17
7470.225 1.7575e-17
7471.750 1.9029e-17
7473.275 1.9967e-17
7474.800 1.9558e-17
7476.325 2.0037e-17
7477.850 1.9596e-17
7479.375 1.6165e-17
7480.900 1.5442e-17
7482.425 1.9162e-17
7483.950 2.0111e-17
7485.475 1.8586e-17
7487.000 1.9425e-17
7488.525 2.0788e-17
7490.050 1.8455e-17
7491.575 1.7202e-17
7493.100 2.0117e-17
7494.625 2.076e-17
7496.150 1.7967e-17
7497.675 1.7004e-17
7499.200 1.8839e-17
7500.725 1.7781e-17
7502.250 1.7581e-17
7503.775 1.995e-17
7505.300 2.0268e-17
7506.825 2.1205e-17
7508.350 1.9281e-17
7509.875 1.4828e-17
7511.400 1.619e-17
7512.925 1.9153e-17
7514.450 1.7332e-17
7515.975 1.6973e-17
7517.500 1.976e-17
7519.025 2.0224e-17
7520.550 1.6829e-17
7522.075 1.4079e-17
7523.600 1.1383e-17
7525.125 1.0741e-17
7526.650 1.554e-17
7528.175 1.7495e-17
7529.700 1.8573e-17
7531.225 1.8594e-17
7532.750 1.847e-17
7534.275 2.0059e-17
7535.800 1.9545e-17
7537.325 1.7704e-17
7538.850 1.8574e-17
7540.375 1.8477e-17
7541.900 1.7229e-17
7543.425 1.657e-17
7544.950 1.6511e-17
7546.475 1.7427e-17
7548.000 1.9052e-17
7549.525 1.7939e-17
7551.050 1.8419e-17
7552.575 2.064e-17
7554.100 1.7926e-17
7555.625 1.7412e-17
7557.150 1.8786e-17
7558.675 1.7904e-17
7560.200 1.849e-17
7561.725 1.9992e-17
7563.250 1.997e-17
7564.775 2.0431e-17
7566.300 1.8625e-17
7567.825 1.6578e-17
7569.350 1.7732e-17
7570.875 1.917e-17
7572.400 2.2992e-17
7573.925 2.1759e-17
7575.450 1.8432e-17
7576.975 1.8628e-17
7578.500 1.9237e-17
7580.025 1.6814e-17
7581.550 1.3496e-17
7583.075 1.7097e-17
7584.600 1.915e-17
7586.125 1.7591e-17
7587.650 1.866e-17
7589.175 1.6416e-17
7590.700 1.4353e-17
7592.225 1.4665e-17
7593.750 1.6382e-17
7595.275 1.9042e-17
7596.800 2.1414e-17
7598.325 1.7583e-17
7599.850 1.3051e-17
7601.375 2.1135e-17
7602.900 2.0885e-17
7604.425 1.8274e-17
7605.950 2.0268e-17
7607.475 1.5115e-17
7609.000 1.3141e-17
7610.525 1.6217e-17
7612.050 1.6114e-17
7613.575 1.7138e-17
7615.100 1.9671e-17
7616.625 1.987e-17
7618.150 1.8039e-17
7619.675 1.8816e-17
7621.200 1.9361e-17
7622.725 1.8656e-17
7624.250 1.9036e-17
7625.775 1.8282e-17
7627.300 1.9773e-17
7628.825 2.0433e-17
7630.350 1.656e-17
7631.875 1.3046e-17
7633.400 1.2429e-17
7634.925 1.5115e-17
7636.450 1.8447e-17
7637.975 1.8483e-17
7639.500 1.636e-17
7641.025 1.6848e-17
7642.550 1.6822e-17
7644.075 1.4976e-17
7645.600 1.5963e-17
7647.125 1.787e-17
7648.650 1.9194e-17
7650.175 1.9188e-17
7651.700 1.7673e-17
7653.225 1.6087e-17
7654.750 1.6974e-17
7656.275 1.8424e-17
7657.800 2.0964e-17
7659.325 2.3661e-17
7660.850 2.2469e-17
7662.375 2.048e-17
7663.900 2.0625e-17
7665.425 1.871e-17
7666.950 1.6934e-17
7668.475 1.8822e-17
7670.000 1.5802e-17
7671.525 1.5645e-17
7673.050 2.0356e-17
7674.575 1.9293e-17
7676.100 1.8379e-17
7677.625 1.9585e-17
7679.150 1.6796e-17
7680.675 1.4965e-17
7682.200 1.7334e-17
7683.725 1.8041e-17
7685.250 1.762e-17
7686.775 1.7219e-17
7688.300 1.6183e-17
7689.825 1.7198e-17
7691.350 1.8512e-17
7692.875 1.5761e-17
7694.400 1.7979e-17
7695.925 1.9913e-17
7697.450 2.065e-17
7698.975 1.9489e-17
7700.500 1.4789e-17
7702.025 1.3224e-17
7703.550 1.8857e-17
7705.075 1.6973e-17
7706.600 1.7487e-17
7708.125 2.0423e-17
7709.650 1.5319e-17
7711.175 1.3112e-17
7712.700 1.7663e-17
7714.225 1.8593e-17
7715.750 1.6134e-17
7717.275 1.3782e-17
7718.800 1.3365e-17
7720.325 1.7004e-17
7721.850 1.7807e-17
7723.375 1.544e-17
7724.900 1.5899e-17
7726.425 1.7978e-17
7727.950 1.7567e-17
7729.475 1.6497e-17
7731.000 1.6912e-17
7732.525 1.5628e-17
7734.050 1.4571e-17
7735.575 1.8723e-17
7737.100 1.9145e-17
7738.625 1.609e-17
7740.150 1.4473e-17
7741.675 1.6137e-17
7743.200 1.7593e-17
7744.725 1.8897e-17
7746.250 1.7238e-17
7747.775 1.9362e-17
7749.300 2.3402e-17
7750.825 2.1783e-17
7752.350 1.9586e-17
7753.875 1.8091e-17
7755.400 1.8118e-17
7756.925 1.9201e-17
7758.450 1.9115e-17
7759.975 1.7846e-17
7761.500 1.853e-17
7763.025 1.8053e-17
7764.550 1.7513e-17
7766.075 1.942e-17
7767.600 1.826e-17
7769.125 1.4901e-17
7770.650 1.499e-17
7772.175 1.6724e-17
7773.700 1.6456e-17
7775.225 1.5794e-17
7776.750 1.4849e-17
7778.275 1.6551e-17
7779.800 1.8176e-17
7781.325 1.5406e-17
7782.850 1.4861e-17
7784.375 1.7353e-17
7785.900 1.7206e-17
7787.425 1.8067e-17
7788.950 1.7114e-17
7790.475 1.2557e-17
7792.000 1.3574e-17
7793.525 1.8744e-17
7795.050 1.6673e-17
7796.575 1.7119e-17
7798.100 1.988e-17
7799.625 1.6737e-17
7801.150 1.4492e-17
7802.675 1.5499e-17
7804.200 1.7197e-17
7805.725 1.7593e-17
7807.250 1.8034e-17
7808.775 1.6021e-17
7810.300 1.5919e-17
7811.825 1.6466e-17
7813.350 1.6181e-17
7814.875 1.5883e-17
7816.400 1.7477e-17
7817.925 1.9753e-17
7819.450 1.9168e-17
7820.975 1.7127e-17
7822.500 1.8012e-17
7824.025 1.7614e-17
7825.550 1.6509e-17
7827.075 1.569e-17
7828.600 1.571e-17
7830.125 1.5834e-17
7831.650 1.504e-17
7833.175 1.4235e-17
7834.700 1.4966e-17
7836.225 1.6164e-17
7837.750 1.9759e-17
7839.275 1.8536e-17
7840.800 1.5164e-17
7842.325 1.6004e-17
7843.850 1.6318e-17
7845.375 1.6988e-17
7846.900 1.6944e-17
7848.425 1.4755e-17
7849.950 1.6856e-17
7851.475 1.7324e-17
7853.000 1.6292e-17
7854.525 1.3649e-17
7856.050 1.5735e-17
7857.575 1.5886e-17
7859.100 1.2981e-17
7860.625 1.3442e-17
7862.150 1.3276e-17
7863.675 1.2277e-17
7865.200 1.6031e-17
7866.725 2.2113e-17
7868.250 2.0334e-17
7869.775 1.6571e-17
7871.300 1.6044e-17
7872.825 1.7416e-17
7874.350 1.6645e-17
7875.875 1.5931e-17
7877.400 1.8046e-17
7878.925 1.8487e-17
7880.450 1.5186e-17
7881.975 1.2824e-17
7883.500 1.5054e-17
7885.025 1.6734e-17
7886.550 1.5924e-17
7888.075 1.5867e-17
7889.600 1.8156e-17
7891.125 1.8262e-17
7892.650 1.5735e-17
7894.175 1.5387e-17
7895.700 1.6138e-17
7897.225 1.4402e-17
7898.750 1.4209e-17
7900.275 1.5658e-17
7901.800 1.4684e-17
7903.325 1.5961e-17
7904.850 1.8746e-17
7906.375 1.7322e-17
7907.900 1.455e-17
7909.425 1.8002e-17
7910.950 2.0411e-17
7912.475 1.7667e-17
7914.000 1.4666e-17
7915.525 1.1274e-17
7917.050 1.3201e-17
7918.575 1.4345e-17
7920.100 1.3419e-17
7921.625 1.5846e-17
7923.150 1.8076e-17
7924.675 1.6058e-17
7926.200 1.6241e-17
7927.725 1.6737e-17
7929.250 1.5659e-17
7930.775 1.4971e-17
7932.300 1.3932e-17
7933.825 1.4131e-17
7935.350 1.8506e-17
7936.875 1.6741e-17
7938.400 1.3264e-17
7939.925 1.4977e-17
7941.450 1.6677e-17
7942.975 1.7891e-17
7944.500 1.9313e-17
7946.025 1.7841e-17
7947.550 1.4046e-17
7949.075 1.4733e-17
7950.600 2.0063e-17
7952.125 1.7516e-17
7953.650 1.5892e-17
7955.175 1.7492e-17
7956.700 1.7061e-17
7958.225 1.2963e-17
7959.750 1.4097e-17
7961.275 1.4281e-17
7962.800 1.2874e-17
7964.325 1.3165e-17
7965.850 1.452e-17
7967.375 1.4536e-17
7968.900 1.6922e-17
7970.425 1.6313e-17
7971.950 1.6081e-17
7973.475 1.5269e-17
7975.000 1.6236e-17
7976.525 2.0971e-17
7978.050 1.9197e-17
7979.575 1.552e-17
7981.100 1.5329e-17
7982.625 1.4164e-17
7984.150 1.6562e-17
7985.675 1.7198e-17
7987.200 1.6237e-17
7988.725 2.0876e-17
7990.250 1.8174e-17
7991.775 1.6627e-17
7993.300 1.904e-17
7994.825 1.8568e-17
7996.350 1.4598e-17
7997.875 1.3009e-17
7999.400 1.3898e-17
8000.925 1.3061e-17
8002.450 1.2676e-17
8003.975 1.3503e-17
8005.500 1.4942e-17
8007.025 1.7345e-17
8008.550 1.5013e-17
8010.075 1.3216e-17
8011.600 1.7033e-17
8013.125 1.7793e-17
8014.650 1.7436e-17
8016.175 1.6767e-17
8017.700 1.3302e-17
8019.225 1.2144e-17
8020.750 1.4908e-17
8022.275 1.8268e-17
8023.800 1.8386e-17
8025.325 1.7502e-17
8026.850 1.6097e-17
8028.375 1.544e-17
8029.900 1.6853e-17
8031.425 1.5236e-17
8032.950 1.4827e-17
8034.475 1.6466e-17
8036.000 1.4784e-17
8037.525 1.4319e-17
8039.050 1.5468e-17
8040.575 1.4849e-17
8042.100 1.5883e-17
8043.625 1.5186e-17
8045.150 1.4359e-17
8046.675 1.7023e-17
8048.200 1.4549e-17
8049.725 1.0684e-17
8051.250 1.4568e-17
8052.775 1.8977e-17
8054.300 1.777e-17
8055.825 1.6635e-17
8057.350 1.5763e-17
8058.875 1.5977e-17
8060.400 1.4213e-17
8061.925 1.2173e-17
8063.450 1.3224e-17
8064.975 1.6969e-17
8066.500 1.6759e-17
8068.025 1.5472e-17
8069.550 1.709e-17
8071.075 1.509e-17
8072.600 1.5038e-17
8074.125 1.5225e-17
8075.650 1.5525e-17
8077.175 1.5046e-17
8078.700 1.4126e-17
8080.225 1.5961e-17
8081.750 1.5659e-17
8083.275 1.4147e-17
8084.800 1.2263e-17
8086.325 1.4184e-17
8087.850 1.4799e-17
8089.375 1.4494e-17
8090.900 1.4431e-17
8092.425 1.553e-17
8093.950 1.5632e-17
8095.475 1.3713e-17
8097.000 1.5277e-17
8098.525 1.477e-17
8100.050 1.2667e-17
8101.575 1.425e-17
8103.100 1.5994e-17
8104.625 1.6224e-17
8106.150 1.45e-17
8107.675 1.3271e-17
8109.200 1.2828e-17
8110.725 1.2771e-17
8112.250 1.6366e-17
8113.775 1.6009e-17
8115.300 1.4797e-17
8116.825 1.5405e-17
8118.350 1.3357e-17
8119.875 1.3525e-17
8121.400 1.4075e-17
8122.925 1.3366e-17
8124.450 1.4413e-17
8125.975 1.3971e-17
8127.500 1.5918e-17
8129.025 1.6825e-17
8130.550 1.5256e-17
8132.075 1.6861e-17
8133.600 1.5719e-17
8135.125 1.5053e-17
8136.650 1.516e-17
8138.175 1.471e-17
8139.700 1.6133e-17
8141.225 1.4989e-17
8142.750 1.2584e-17
8144.275 1.3634e-17
8145.800 1.4784e-17
8147.325 1.2638e-17
8148.850 1.183e-17
8150.375 1.4123e-17
8151.900 1.3662e-17
8153.425 1.2402e-17
8154.950 1.3837e-17
8156.475 1.4059e-17
8158.000 1.4436e-17
8159.525 1.428e-17
8161.050 1.371e-17
8162.575 1.6095e-17
8164.100 1.7427e-17
8165.625 1.7713e-17
8167.150 1.6121e-17
8168.675 1.3065e-17
8170.200 1.121e-17
8171.725 1.3504e-17
8173.250 1.4052e-17
8174.775 1.1924e-17
8176.300 1.1213e-17
8177.825 1.2705e-17
8179.350 1.3795e-17
8180.875 1.3505e-17
8182.400 1.4281e-17
8183.925 1.6067e-17
8185.450 1.4994e-17
8186.975 1.3635e-17
8188.500 1.2297e-17
8190.025 1.4336e-17
8191.550 1.5185e-17
8193.075 1.5564e-17
8194.600 1.511e-17
8196.125 1.3519e-17
8197.650 1.0258e-17
8199.175 1.079e-17
8200.700 1.3153e-17
8202.225 1.4577e-17
8203.750 1.66e-17
8205.275 1.5176e-17
8206.800 1.4483e-17
8208.325 1.4665e-17
8209.850 1.5728e-17
8211.375 1.718e-17
8212.900 1.2366e-17
8214.425 1.3061e-17
8215.950 1.4051e-17
8217.475 1.5474e-17
8219.000 1.5248e-17
8220.525 1.2973e-17
8222.050 1.3902e-17
8223.575 1.6086e-17
8225.100 1.3972e-17
8226.625 1.2483e-17
8228.150 1.2705e-17
8229.675 1.4716e-17
8231.200 1.5612e-17
8232.725 1.396e-17
8234.250 1.2954e-17
8235.775 1.2596e-17
8237.300 1.091e-17
8238.825 1.3779e-17
8240.350 1.4702e-17
8241.875 1.3886e-17
8243.400 1.2412e-17
8244.925 1.2337e-17
8246.450 1.3603e-17
8247.975 1.4545e-17
8249.500 1.3816e-17
8251.025 1.2583e-17
8252.550 1.4882e-17
8254.075 1.4045e-17
8255.600 1.1919e-17
8257.125 1.3609e-17
8258.650 1.4218e-17
8260.175 1.3068e-17
8261.700 1.3424e-17
8263.225 1.32e-17
8264.750 1.4075e-17
8266.275 1.6216e-17
8267.800 1.6031e-17
8269.325 1.5335e-17
8270.850 1.3832e-17
8272.375 1.1952e-17
8273.900 1.2218e-17
8275.425 1.3413e-17
8276.950 1.3884e-17
8278.475 1.0989e-17
8280.000 1.0702e-17
8281.525 1.5877e-17
8283.050 1.984e-17
8284.575 1.6605e-17
8286.100 9.4309e-18
8287.625 1.0582e-17
8289.150 9.9342e-18
8290.675 1.1349e-17
8292.200 1.6097e-17
8293.725 1.7923e-17
8295.250 1.7018e-17
8296.775 1.4431e-17
8298.300 1.1547e-17
8299.825 1.4781e-17
8301.350 1.6661e-17
8302.875 1.3055e-17
8304.400 1.1482e-17
8305.925 1.3834e-17
8307.450 1.464e-17
8308.975 1.3906e-17
8310.500 1.8634e-17
8312.025 1.656e-17
8313.550 1.3307e-17
8315.075 1.4483e-17
8316.600 1.6266e-17
8318.125 1.4688e-17
8319.650 1.4446e-17
8321.175 1.4285e-17
8322.700 1.368e-17
8324.225 1.2528e-17
8325.750 1.212e-17
8327.275 1.3427e-17
8328.800 1.3428e-17
8330.325 1.2721e-17
8331.850 1.253e-17
8333.375 1.3138e-17
8334.900 1.6094e-17
8336.425 1.5277e-17
8337.950 1.4874e-17
8339.475 1.8277e-17
8341.000 2.1426e-17
8342.525 2.2946e-17
8344.050 1.3787e-17
8345.575 9.8843e-18
8347.100 1.0848e-17
8348.625 1.2607e-17
8350.150 1.5747e-17
8351.675 1.744e-17
8353.200 1.2507e-17
8354.725 1.1188e-17
8356.250 1.3602e-17
8357.775 1.7399e-17
8359.300 1.5089e-17
8360.825 1.4379e-17
8362.350 1.6188e-17
8363.875 1.3764e-17
8365.400 1.2136e-17
8366.925 1.3256e-17
8368.450 1.5433e-17
8369.975 1.7565e-17
8371.500 1.5647e-17
8373.025 1.2653e-17
8374.550 1.3533e-17
8376.075 1.3826e-17
8377.600 1.3328e-17
8379.125 1.3794e-17
8380.650 1.4808e-17
8382.175 1.7102e-17
8383.700 1.841e-17
8385.225 1.62e-17
8386.750 1.3668e-17
8388.275 1.3686e-17
8389.800 1.5417e-17
8391.325 1.488e-17
8392.850 1.2983e-17
8394.375 1.1867e-17
8395.900 1.6192e-17
8397.425 1.9504e-17
8398.950 1.5597e-17
8400.475 1.7115e-17
8402.000 1.5139e-17
8403.525 1.3286e-17
8405.050 1.6149e-17
8406.575 1.5325e-17
8408.100 1.096e-17
8409.625 1.3129e-17
8411.150 1.8674e-17
8412.675 1.755e-17
8414.200 1.4957e-17
8415.725 1.3739e-17
8417.250 1.3399e-17
8418.775 1.3478e-17
8420.300 1.4193e-17
8421.825 1.443e-17
8423.350 1.544e-17
8424.875 1.9445e-17
8426.400 1.879e-17
8427.925 1.1448e-17
8429.450 1.3103e-17
8430.975 1.5051e-17
8432.500 1.3941e-17
8434.025 1.3863e-17
8435.550 1.4182e-17
8437.075 1.4057e-17
8438.600 1.2368e-17
8440.125 1.3019e-17
8441.650 1.6457e-17
8443.175 1.5809e-17
8444.700 1.2232e-17
8446.225 1.2466e-17
8447.750 1.8952e-17
8449.275 1.7065e-17
8450.800 1.1785e-17
8452.325 1.4194e-17
8453.850 1.2444e-17
8455.375 1.167e-17
8456.900 1.2183e-17
8458.425 1.5209e-17
8459.950 1.8947e-17
8461.475 1.4797e-17
8463.000 1.1804e-17
8464.525 1.1326e-17
8466.050 1.3223e-17
8467.575 1.3727e-17
8469.100 1.2706e-17
8470.625 1.2805e-17
8472.150 1.6082e-17
8473.675 1.7354e-17
8475.200 1.7185e-17
8476.725 1.6651e-17
8478.250 1.5289e-17
8479.775 1.3273e-17
8481.300 1.1595e-17
8482.825 1.406e-17
8484.350 1.5269e-17
8485.875 1.3082e-17
8487.400 1.2915e-17
8488.925 1.4168e-17
8490.450 1.265e-17
8491.975 1.3763e-17
8493.500 1.4672e-17
8495.025 1.3759e-17
8496.550 1.3573e-17
8498.075 1.3345e-17
8499.600 1.4025e-17
8501.125 1.8246e-17
8502.650 1.8614e-17
8504.175 1.5213e-17
8505.700 1.5328e-17
8507.225 1.5397e-17
8508.750 1.5559e-17
8510.275 1.5461e-17
8511.800 1.3884e-17
8513.325 1.1241e-17
8514.850 1.0611e-17
8516.375 1.1934e-17
8517.900 1.273e-17
8519.425 1.2374e-17
8520.950 1.1894e-17
8522.475 1.1628e-17
8524.000 1.2444e-17
8525.525 1.215e-17
8527.050 1.1886e-17
8528.575 1.3669e-17
8530.100 1.4972e-17
8531.625 1.2254e-17
8533.150 1.3086e-17
8534.675 1.5736e-17
8536.200 1.3803e-17
8537.725 1.4391e-17
8539.250 1.4279e-17
8540.775 1.1031e-17
8542.300 1.0447e-17
8543.825 1.1527e-17
8545.350 1.1956e-17
8546.875 1.4292e-17
8548.400 1.3181e-17
8549.925 1.2842e-17
8551.450 1.4078e-17
8552.975 1.195e-17
8554.500 1.0702e-17
8556.025 1.3961e-17
8557.550 1.4194e-17
8559.075 1.3717e-17
8560.600 1.2637e-17
8562.125 1.3997e-17
8563.650 1.2515e-17
8565.175 1.2107e-17
8566.700 1.3315e-17
8568.225 1.1961e-17
8569.750 1.2471e-17
8571.275 1.4411e-17
8572.800 1.5099e-17
8574.325 1.4153e-17
8575.850 1.3969e-17
8577.375 1.4908e-17
8578.900 1.3899e-17
8580.425 1.1876e-17
8581.950 1.1302e-17
8583.475 1.4833e-17
8585.000 1.6933e-17
8586.525 1.5007e-17
8588.050 1.2699e-17
8589.575 1.1583e-17
8591.100 1.0117e-17
8592.625 9.7484e-18
8594.150 1.0909e-17
8595.675 8.6879e-18
8597.200 9.1946e-18
8598.725 1.1906e-17
8600.250 1.1233e-17
8601.775 1.1495e-17
8603.300 1.2765e-17
8604.825 1.3629e-17
8606.350 1.2839e-17
8607.875 1.2127e-17
8609.400 1.1911e-17
8610.925 1.2113e-17
8612.450 1.3709e-17
8613.975 1.4245e-17
8615.500 1.4862e-17
8617.025 1.342e-17
8618.550 1.0496e-17
8620.075 1.2825e-17
8621.600 1.5163e-17
8623.125 1.3819e-17
8624.650 1.307e-17
8626.175 1.3489e-17
8627.700 1.1166e-17
8629.225 1.0021e-17
8630.750 1.2136e-17
8632.275 1.0652e-17
8633.800 1.0509e-17
8635.325 1.3148e-17
8636.850 1.4582e-17
8638.375 1.3919e-17
8639.900 1.3385e-17
8641.425 1.246e-17
8642.950 1.0917e-17
8644.475 1.1511e-17
8646.000 1.1179e-17
8647.525 1.3055e-17
8649.050 1.618e-17
8650.575 1.3328e-17
8652.100 9.2597e-18
8653.625 9.8758e-18
8655.150 1.1932e-17
8656.675 1.4644e-17
8658.200 1.5335e-17
8659.725 1.6509e-17
8661.250 1.3618e-17
8662.775 1.1374e-17
8664.300 1.4412e-17
8665.825 1.5884e-17
8667.350 1.1993e-17
8668.875 1.2195e-17
8670.400 1.2875e-17
8671.925 1.2267e-17
8673.450 1.0647e-17
8674.975 1.2303e-17
8676.500 1.3606e-17
8678.025 1.3365e-17
8679.550 1.3239e-17
8681.075 1.2382e-17
8682.600 1.3692e-17
8684.125 1.2531e-17
8685.650 1.2987e-17
8687.175 1.2095e-17
8688.700 9.9598e-18
8690.225 1.1936e-17
8691.750 1.226e-17
8693.275 1.2187e-17
8694.800 1.1613e-17
8696.325 1.079e-17
8697.850 1.2711e-17
8699.375 1.326e-17
8700.900 1.147e-17
8702.425 1.1161e-17
8703.950 1.1364e-17
8705.475 1.1117e-17
8707.000 1.0269e-17
8708.525 1.0526e-17
8710.050 1.1045e-17
8711.575 1.3879e-17
8713.100 1.4262e-17
8714.625 1.3373e-17
8716.150 1.0974e-17
8717.675 9.2276e-18
8719.200 1.0203e-17
8720.725 1.0841e-17
8722.250 1.1953e-17
8723.775 1.2781e-17
8725.300 1.1572e-17
8726.825 9.4726e-18
8728.350 9.0111e-18
8729.875 9.4243e-18
8731.400 9.3059e-18
8732.925 1.1038e-17
8734.450 1.1413e-17
8735.975 9.5798e-18
8737.500 9.2361e-18
8739.025 8.1229e-18
8740.550 8.4025e-18
8742.075 1.0422e-17
8743.600 1.0366e-17
8745.125 1.031e-17
8746.650 1.0911e-17
8748.175 1.238e-17
8749.700 1.3068e-17
8751.225 1.2808e-17
8752.750 1.1747e-17
8754.275 1.36e-17
8755.800 1.5576e-17
8757.325 1.2805e-17
8758.850 1.0978e-17
8760.375 1.1311e-17
8761.900 1.4348e-17
8763.425 1.2931e-17
8764.950 5.2138e-18
8766.475 1.0823e-17
8768.000 1.5161e-17
8769.525 1.1041e-17
8771.050 8.4274e-18
8772.575 1.2414e-17
8774.100 1.6863e-17
8775.625 1.1693e-17
8777.150 1.1512e-17
8778.675 1.5334e-17
8780.200 1.3248e-17
8781.725 1.1605e-17
8783.250 1.2516e-17
8784.775 1.2742e-17
8786.300 1.315e-17
8787.825 8.0739e-18
8789.350 7.5348e-18
8790.875 1.2704e-17
8792.400 1.2598e-17
8793.925 1.271e-17
8795.450 1.5005e-17
8796.975 1.5288e-17
8798.500 1.4115e-17
8800.025 1.2077e-17
8801.550 1.0811e-17
8803.075 1.1693e-17
8804.600 1.4594e-17
8806.125 1.4753e-17
8807.650 1.2773e-17
8809.175 1.2346e-17
8810.700 1.0921e-17
8812.225 8.5201e-18
8813.750 9.207e-18
8815.275 1.0243e-17
8816.800 1.1993e-17
8818.325 1.4558e-17
8819.850 1.164e-17
8821.375 8.9605e-18
8822.900 1.343e-17
8824.425 1.6669e-17
8825.950 1.9845e-17
8827.475 1.403e-17
8829.000 6.8821e-18
8830.525 1.217e-17
8832.050 1.6199e-17
8833.575 1.8029e-17
8835.100 1.8376e-17
8836.625 1.5675e-17
8838.150 1.235e-17
8839.675 9.2582e-18
8841.200 1.0245e-17
8842.725 1.3172e-17
8844.250 1.454e-17
8845.775 1.3884e-17
8847.300 1.2698e-17
8848.825 1.3349e-17
8850.350 1.3966e-17
8851.875 1.4205e-17
8853.400 1.495e-17
8854.925 1.2246e-17
8856.450 1.1903e-17
8857.975 1.0449e-17
8859.500 9.1957e-18
8861.025 1.2075e-17
8862.550 1.2843e-17
8864.075 1.0501e-17
8865.600 1.1233e-17
8867.125 1.2362e-17
8868.650 1.0191e-17
8870.175 1.1278e-17
8871.700 9.3173e-18
8873.225 8.9052e-18
8874.750 1.2389e-17
8876.275 1.3445e-17
8877.800 1.0812e-17
8879.325 9.6124e-18
8880.850 1.1927e-17
8882.375 8.3237e-18
8883.900 1.2268e-17
8885.425 1.6723e-17
8886.950 1.6017e-17
8888.475 1.1476e-17
8890.000 1.0143e-17
8891.525 1.2682e-17
8893.050 1.2061e-17
8894.575 1.1556e-17
8896.100 1.0533e-17
8897.625 8.8774e-18
8899.150 8.9778e-18
8900.675 9.6937e-18
8902.200 1.1662e-17
8903.725 9.3805e-18
8905.250 8.0076e-18
8906.775 1.1735e-17
8908.300 1.1014e-17
8909.825 1.0628e-17
8911.350 1.0903e-17
8912.875 7.6345e-18
8914.400 1.0228e-17
8915.925 1.5074e-17
8917.450 1.4214e-17
8918.975 1.591e-17
8920.500 1.5995e-17
8922.025 1.4404e-17
8923.550 1.1396e-17
8925.075 9.6933e-18
8926.600 1.1533e-17
8928.125 1.1127e-17
8929.650 1.3521e-17
8931.175 1.3411e-17
8932.700 1.1781e-17
8934.225 9.2843e-18
8935.750 7.1044e-18
8937.275 9.5785e-18
8938.800 1.2205e-17
8940.325 9.6113e-18
8941.850 9.5087e-18
8943.375 1.0264e-17
8944.900 8.4795e-18
8946.425 1.0213e-17
8947.950 1.1755e-17
8949.475 1.0939e-17
8951.000 1.056e-17
8952.525 1.0472e-17
8954.050 8.9401e-18
8955.575 8.9314e-18
8957.100 1.3038e-17
8958.625 1.1726e-17
8960.150 8.7491e-18
8961.675 9.8404e-18
8963.200 8.2251e-18
8964.725 1.035e-17
8966.250 1.1511e-17
8967.775 8.4619e-18
8969.300 8.0051e-18
8970.825 9.9871e-18
8972.350 1.1921e-17
8973.875 1.1857e-17
8975.400 8.82e-18
8976.925 8.2422e-18
8978.450 9.9895e-18
8979.975 1.1187e-17
8981.500 1.4228e-17
8983.025 1.1935e-17
8984.550 5.6495e-18
8986.075 6.2436e-18
8987.600 9.2103e-18
8989.125 1.1362e-17
8990.650 1.0563e-17
8992.175 9.4081e-18
8993.700 1.0505e-17
8995.225 1.1094e-17
8996.750 1.1968e-17
8998.275 6.5143e-18
8999.800 4.907e-18
9001.325 8.4621e-18
9002.850 9.6147e-18
9004.375 1.1494e-17
9005.900 1.2899e-17
9007.425 1.3303e-17
9008.950 1.3033e-17
9010.475 1.1154e-17
9012.000 1.2017e-17
9013.525 1.1841e-17
9015.050 1.2972e-17
9016.575 1.2234e-17
9018.100 1.2036e-17
9019.625 1.1993e-17
9021.150 1.1692e-17
9022.675 1.1117e-17
9024.200 1.1627e-17
9025.725 1.0062e-17
9027.250 9.9405e-18
9028.775 9.1694e-18
9030.300 1.0453e-17
9031.825 1.1242e-17
9033.350 1.0809e-17
9034.875 9.066e-18
9036.400 7.7279e-18
9037.925 9.2487e-18
9039.450 8.8499e-18
9040.975 8.3223e-18
9042.500 9.2992e-18
9044.025 6.3978e-18
9045.550 4.623e-18
9047.075 7.5006e-18
9048.600 1.3095e-17
9050.125 1.3274e-17
9051.650 1.0982e-17
9053.175 1.0201e-17
9054.700 8.9868e-18
9056.225 8.8643e-18
9057.750 9.6515e-18
9059.275 1.0976e-17
9060.800 9.0237e-18
9062.325 9.5215e-18
9063.850 1.3311e-17
9065.375 1.18e-17
9066.900 8.4722e-18
9068.425 8.5923e-18
9069.950 1.0562e-17
9071.475 1.2165e-17
9073.000 1.2834e-17
9074.525 1.2111e-17
9076.050 9.1335e-18
9077.575 7.6381e-18
9079.100 1.0524e-17
9080.625 9.1666e-18
9082.150 9.3009e-18
9083.675 1.1998e-17
9085.200 1.2777e-17
9086.725 1.0464e-17
9088.250 1.1655e-17
9089.775 1.2531e-17
9091.300 1.0724e-17
9092.825 8.141e-18
9094.350 1.0788e-17
9095.875 1.0552e-17
9097.400 8.2262e-18
9098.925 1.2497e-17
9100.450 1.04e-17
9101.975 1.2031e-17
9103.500 1.5084e-17
9105.025 1.3531e-17
9106.550 1.3551e-17
9108.075 1.4083e-17
9109.600 1.0885e-17
9111.125 9.0916e-18
9112.650 1.1104e-17
9114.175 1.153e-17
9115.700 1.1698e-17
9117.225 1.3407e-17
9118.750 1.331e-17
9120.275 1.1568e-17
9121.800 1.187e-17
9123.325 1.1808e-17
9124.850 1.1087e-17
9126.375 1.0062e-17
9127.900 9.2242e-18
9129.425 1.061e-17
9130.950 1.0707e-17
9132.475 1.1765e-17
9134.000 1.2251e-17
9135.525 9.7835e-18
9137.050 9.1239e-18
9138.575 1.0994e-17
9140.100 1.0243e-17
9141.625 1.1536e-17
9143.150 1.2207e-17
9144.675 1.2559e-17
9146.200 1.1143e-17
9147.725 9.6807e-18
9149.250 1.0433e-17
9150.775 9.6299e-18
9152.300 9.0675e-18
9153.825 1.0892e-17
9155.350 1.051e-17
9156.875 8.2138e-18
9158.400 9.1478e-18
9159.925 1.1033e-17
9161.450 1.2098e-17
9162.975 1.0858e-17
9164.500 9.3554e-18
9166.025 1.1093e-17
9167.550 1.5268e-17
9169.075 1.3653e-17
9170.600 9.9145e-18
9172.125 1.2045e-17
9173.650 1.4116e-17
9175.175 1.3131e-17
9176.700 1.144e-17
9178.225 1.097e-17
9179.750 1.1343e-17
9181.275 1.2871e-17
9182.800 1.3346e-17
9184.325 1.2406e-17
9185.850 1.1557e-17
9187.375 1.1105e-17
9188.900 1.1673e-17
9190.425 1.3326e-17
9191.950 1.0694e-17
9193.475 1.2184e-17
9195.000 1.1486e-17
9196.525 9.1566e-18
9198.050 1.0883e-17
9199.575 1.1643e-17
9201.100 1.0332e-17
9202.625 9.5394e-18
9204.150 1.0621e-17
9205.675 1.3574e-17
9207.200 1.5353e-17
9208.725 1.3033e-17
9210.250 1.0741e-17
9211.775 9.9755e-18
9213.300 1.033e-17
9214.825 1.272e-17
9216.350 1.1663e-17
9217.875 1.2145e-17
9219.400 1.1581e-17
9220.925 1.159e-17
9222.450 1.129e-17
9223.975 1.0763e-17
9225.500 1.1497e-17
9227.025 1.169e-17
9228.550 1.1506e-17
9230.075 1.2001e-17
9231.600 1.2426e-17
9233.125 1.0878e-17
9234.650 1.1277e-17
9236.175 1.4598e-17
9237.700 1.4796e-17
9239.225 1.3184e-17
9240.750 9.8125e-18
9242.275 1.1051e-17
9243.800 1.3863e-17
9245.325 1.3147e-17
9246.850 1.1045e-17
9248.375 1.0435e-17
9249.900 1.5258e-17
9251.425 1.6146e-17
9252.950 1.0844e-17
9254.475 9.9504e-18
9256.000 1.205e-17
9257.525 1.092e-17
9259.050 1.2323e-17
9260.575 1.4135e-17
9262.100 1.0587e-17
9263.625 1.0692e-17
9265.150 1.207e-17
9266.675 1.1201e-17
9268.200 1.041e-17
9269.725 8.4922e-18
9271.250 9.7692e-18
9272.775 1.1403e-17
9274.300 1.2847e-17
9275.825 1.1406e-17
9277.350 1.1668e-17
9278.875 1.4046e-17
9280.400 1.4839e-17
9281.925 1.3794e-17
9283.450 1.1056e-17
9284.975 1.186e-17
9286.500 1.3842e-17
9288.025 1.4212e-17
9289.550 1.3593e-17
9291.075 1.2768e-17
9292.600 9.1526e-18
9294.125 8.6237e-18
9295.650 8.8089e-18
9297.175 8.3838e-18
9298.700 8.5935e-18
9300.225 1.0765e-17
9301.750 1.6886e-17
9303.275 9.5617e-18
9304.800 -5.8589e-18
9306.325 5.6957e-18
9307.850 1.8048e-17
9309.375 1.9156e-17
9310.900 1.2783e-17
9312.425 8.7791e-18
9313.950 1.4841e-17
9315.475 9.5363e-18
9317.000 2.9063e-18
9318.525 1.1209e-17
9320.050 2.4697e-17
9321.575 1.8986e-17
9323.100 4.4958e-18
9324.625 7.8541e-18
9326.150 9.0684e-18
9327.675 1.1675e-17
9329.200 1.1273e-17
9330.725 9.9219e-18
9332.250 4.9028e-18
9333.775 1.7073e-18
9335.300 1.8431e-17
9336.825 2.1702e-17
9338.350 5.0887e-18
9339.875 -1.6479e-18
9341.400 3.691e-18
9342.925 5.3972e-18
9344.450 1.6946e-17
9345.975 1.9788e-17
9347.500 1.1099e-17
9349.025 6.4203e-18
9350.550 5.2941e-18
9352.075 8.3354e-18
9353.600 1.0779e-17
9355.125 1.7232e-17
9356.650 1.6528e-17
9358.175 1.4653e-17
9359.700 1.2153e-17
9361.225 7.6585e-18
9362.750 6.785e-18
9364.275 3.4092e-18
9365.800 4.5144e-18
9367.325 1.1491e-17
9368.850 2.2809e-17
9370.375 2.8243e-17
9371.900 3.8314e-17
9373.425 1.9829e-17
9374.950 1.6145e-17
9376.475 2.2392e-17
9378.000 1.0966e-17
9379.525 1.0447e-17
9381.050 1.1758e-17
9382.575 1.5495e-17
9384.100 1.7141e-17
9385.625 1.3036e-17
9387.150 1.427e-17
9388.675 1.4027e-17
9390.200 1.1538e-17
9391.725 1.5475e-17
9393.250 1.7543e-17
9394.775 1.373e-17
9396.300 1.1666e-17
9397.825 1.1242e-17
9399.350 1.2876e-17
9400.875 1.2351e-17
9402.400 1.1528e-17
9403.925 1.3333e-17
9405.450 9.8895e-18
9406.975 1.4273e-17
9408.500 1.8564e-17
9410.025 1.4832e-17
9411.550 1.1038e-17
9413.075 6.7366e-18
9414.600 1.5419e-17
9416.125 2.5951e-17
9417.650 2.8893e-17
9419.175 2.2696e-17
9420.700 1.4764e-17
9422.225 1.0082e-17
9423.750 1.3814e-17
9425.275 1.9408e-17
9426.800 1.8648e-17
9428.325 7.7109e-18
9429.850 1.5308e-17
9431.375 1.8073e-17
9432.900 1.512e-17
9434.425 1.8678e-17
9435.950 2.7281e-17
9437.475 2.8799e-18
9439.000 1.4326e-17
9440.525 2.3146e-17
9442.050 1.1285e-17
9443.575 1.1799e-17
9445.100 1.0475e-17
9446.625 9.367e-18
9448.150 8.3227e-18
9449.675 7.842e-18
9451.200 8.607e-18
9452.725 1.4973e-17
9454.250 2.468e-17
9455.775 1.1434e-17
9457.300 9.6219e-18
9458.825 1.4087e-17
9460.350 6.4721e-18
9461.875 5.8539e-18
9463.400 1.4673e-17
9464.925 1.8032e-17
9466.450 1.5814e-17
9467.975 9.3947e-18
9469.500 4.9508e-18
9471.025 8.9507e-18
9472.550 1.5744e-17
9474.075 1.2328e-17
9475.600 -5.0305e-18
9477.125 -6.8625e-18
9478.650 -2.3447e-18
9480.175 3.8816e-18
9481.700 1.0589e-17
9483.225 1.5453e-17
9484.750 1.5086e-17
9486.275 1.4206e-17
9487.800 1.6234e-17
9489.325 1.3492e-17
9490.850 9.3151e-18
9492.375 1.1649e-17
9493.900 1.3415e-17
9495.425 6.886e-18
9496.950 3.9202e-18
9498.475 1.6043e-17
9500.000 1.7309e-17
9501.525 1.2154e-17
9503.050 1.8189e-17
9504.575 1.6907e-17
9506.100 1.2585e-17
9507.625 1.7469e-17
9509.150 1.7682e-17
9510.675 1.3539e-17
9512.200 9.817e-18
9513.725 9.6898e-18
9515.250 1.6964e-17
9516.775 1.9811e-17
9518.300 1.9173e-17
9519.825 2.4548e-17
9521.350 2.425e-17
9522.875 1.511e-17
9524.400 7.7837e-18
9525.925 9.1562e-18
9527.450 9.9014e-18
9528.975 1.1063e-17
9530.500 1.1687e-17
9532.025 6.8033e-18
9533.550 7.6693e-18
9535.075 9.1148e-18
9536.600 1.103e-17
9538.125 1.3192e-17
9539.650 1.013e-17
9541.175 1.2708e-17
9542.700 1.4211e-17
9544.225 1.9292e-17
9545.750 1.6495e-17
9547.275 8.761e-18
9548.800 1.0822e-17
9550.325 9.7246e-18
9551.850 6.9299e-18
9553.375 8.2724e-18
9554.900 1.6413e-17
9556.425 1.5311e-17
9557.950 1.0844e-17
9559.475 8.6662e-18
9561.000 3.0625e-18
9562.525 1.1345e-18
9564.050 1.1213e-17
9565.575 2.5799e-17
9567.100 2.5105e-17
9568.625 1.5638e-17
9570.150 1.2078e-17
9571.675 1.7548e-17
9573.200 2.1013e-17
9574.725 1.2689e-17
9576.250 8.1046e-18
9577.775 1.3146e-17
9579.300 1.7708e-17
9580.825 1.63e-17
9582.350 1.5119e-17
9583.875 1.1698e-17
9585.400 1.3677e-17
9586.925 1.4005e-17
9588.450 1.0469e-17
9589.975 1.3452e-17
9591.500 2.1121e-17
9593.025 1.5887e-17
9594.550 1.2156e-17
9596.075 1.2799e-17
9597.600 1.0396e-17
9599.125 1.0491e-17
9600.650 9.753e-18
9602.175 1.1528e-17
9603.700 1.8055e-17
9605.225 1.2668e-17
9606.750 8.5212e-18
9608.275 1.5136e-17
9609.800 1.0036e-17
9611.325 8.1814e-18
9612.850 1.2168e-17
9614.375 1.1551e-17
9615.900 1.7558e-17
9617.425 2.0841e-17
9618.950 1.634e-17
9620.475 8.7336e-18
9622.000 5.3704e-18
9623.525 9.2744e-18
9625.050 1.2877e-17
9626.575 1.0745e-17
9628.100 6.2348e-18
9629.625 7.435e-18
9631.150 8.8927e-18
9632.675 1.1463e-17
9634.200 1.3987e-17
9635.725 1.0264e-17
9637.250 8.3014e-18
9638.775 1.1795e-17
9640.300 1.2495e-17
9641.825 1.2997e-17
9643.350 1.4522e-17
9644.875 8.0268e-18
9646.400 6.618e-18
9647.925 1.5658e-17
9649.450 1.5776e-17
9650.975 9.0045e-18
9652.500 5.6314e-18
9654.025 5.476e-18
9655.550 9.4185e-18
9657.075 7.9379e-18
9658.600 8.7205e-18
9660.125 7.7892e-18
9661.650 9.382e-18
9663.175 9.5821e-18
9664.700 1.5145e-17
9666.225 1.3814e-17
9667.750 1.2216e-17
9669.275 1.3059e-17
9670.800 1.1306e-17
9672.325 1.3283e-17
9673.850 1.0381e-17
9675.375 9.1228e-18
9676.900 1.2648e-17
9678.425 1.2949e-17
9679.950 1.7106e-17
9681.475 1.8324e-17
9683.000 1.2447e-17
9684.525 9.3378e-18
9686.050 9.7405e-18
9687.575 9.4967e-18
9689.100 1.6756e-17
9690.625 1.685e-17
9692.150 1.2034e-17
9693.675 1.0666e-17
9695.200 1.1331e-17
9696.725 1.1515e-17
9698.250 1.0107e-17
9699.775 1.0917e-17
9701.300 1.0384e-17
9702.825 8.5554e-18
9704.350 9.7319e-18
9705.875 9.5337e-18
9707.400 1.1616e-17
9708.925 9.3916e-18
9710.450 8.9248e-18
9711.975 9.7791e-18
9713.500 1.2386e-17
9715.025 2.5e-17
9716.550 2.374e-17
9718.075 1.5008e-17
9719.600 1.6735e-17
9721.125 8.5689e-18
9722.650 -2.9663e-19
9724.175 2.7468e-18
9725.700 6.0054e-18
9727.225 9.246e-18
9728.750 1.0655e-17
9730.275 7.3257e-18
9731.800 9.6608e-18
9733.325 1.5032e-17
9734.850 1.674e-17
9736.375 1.6078e-17
9737.900 1.0769e-17
9739.425 7.4061e-18
9740.950 7.4188e-18
9742.475 8.7622e-18
9744.000 1.5036e-17
9745.525 1.5784e-17
9747.050 8.14e-18
9748.575 7.262e-18
9750.100 8.7042e-18
9751.625 1.1743e-17
9753.150 1.2828e-17
9754.675 6.9683e-18
9756.200 3.9841e-18
9757.725 1.0216e-17
9759.250 1.67e-17
9760.775 1.165e-17
9762.300 4.9038e-18
9763.825 3.2136e-18
9765.350 9.9348e-18
9766.875 1.1605e-17
9768.400 1.0883e-17
9769.925 8.8047e-18
9771.450 7.7894e-18
9772.975 6.2619e-18
9774.500 7.1159e-18
9776.025 9.4796e-18
9777.550 1.0111e-17
9779.075 1.4253e-17
9780.600 1.0875e-17
9782.125 1.0274e-17
9783.650 8.9287e-18
9785.175 1.1322e-17
9786.700 9.8693e-18
9788.225 3.9038e-18
9789.750 4.783e-19
9791.275 2.1447e-17
9792.800 2.7464e-17
9794.325 1.2516e-17
9795.850 9.4588e-18
9797.375 1.4649e-17
9798.900 1.4579e-17
9800.425 1.8522e-17
9801.950 1.4582e-17
9803.475 2.6653e-18
9805.000 5.5037e-18
9806.525 1.6668e-17
9808.050 1.4554e-17
9809.575 8.6757e-18
9811.100 1.4702e-17
9812.625 1.7727e-17
9814.150 1.3424e-17
9815.675 1.2707e-17
9817.200 9.8661e-18
9818.725 1.0537e-17
9820.250 1.3357e-17
9821.775 1.2299e-17
9823.300 1.2565e-17
9824.825 1.4506e-17
9826.350 1.8486e-17
9827.875 1.541e-17
9829.400 1.123e-17
9830.925 1.017e-17
9832.450 1.2279e-17
9833.975 1.3377e-17
9835.500 1.4093e-17
9837.025 1.3125e-17
9838.550 1.3527e-17
9840.075 1.2962e-17
9841.600 1.1171e-17
9843.125 8.3281e-18
9844.650 7.6845e-18
9846.175 1.8478e-17
9847.700 2.465e-17
9849.225 1.933e-17
9850.750 1.3912e-17
9852.275 9.9941e-18
9853.800 7.2257e-18
9855.325 6.3345e-18
9856.850 9.5739e-18
9858.375 9.4496e-18
9859.900 7.5126e-18
9861.425 9.1052e-18
9862.950 7.4307e-18
9864.475 5.5266e-18
9866.000 9.4726e-18
9867.525 1.5673e-17
9869.050 2.2128e-17
9870.575 2.9386e-17
9872.100 2.4354e-17
9873.625 1.4983e-17
9875.150 9.0857e-18
9876.675 7.8352e-18
9878.200 3.8985e-18
9879.725 2.1584e-18
9881.250 9.1591e-18
9882.775 1.4114e-17
9884.300 1.1941e-17
9885.825 9.8245e-18
9887.350 6.8098e-18
9888.875 4.9942e-18
9890.400 4.4063e-18
9891.925 3.1727e-18
9893.450 8.1138e-18
9894.975 1.0853e-17
9896.500 1.0874e-17
9898.025 6.9882e-18
9899.550 8.416e-18
9901.075 9.8521e-18
9902.600 1.0605e-17
9904.125 1.172e-17
9905.650 1.1229e-17
9907.175 1.1128e-17
9908.700 9.7741e-18
9910.225 5.2322e-18
9911.750 3.2546e-18
9913.275 1.4006e-17
9914.800 1.8306e-17
9916.325 1.6171e-17
9917.850 1.052e-17
9919.375 8.3596e-18
9920.900 7.0867e-18
9922.425 1.016e-17
9923.950 8.9141e-18
9925.475 8.1034e-18
9927.000 1.0776e-17
9928.525 1.0153e-17
9930.050 8.2841e-18
9931.575 6.5908e-18
9933.100 5.6788e-18
9934.625 4.7207e-18
9936.150 6.5779e-18
9937.675 1.4281e-17
9939.200 1.5348e-17
9940.725 5.5228e-18
9942.250 1.2645e-17
9943.775 1.2905e-17
9945.300 4.5367e-18
9946.825 9.3496e-18
9948.350 1.1422e-17
9949.875 7.2366e-18
9951.400 1.9862e-17
9952.925 2.1425e-17
9954.450 1.2591e-17
9955.975 2.0125e-17
9957.500 2.2714e-17
9959.025 1.582e-17
9960.550 1.6613e-17
9962.075 1.2874e-17
9963.600 2.8919e-18
9965.125 1.6636e-18
9966.650 1.9427e-18
9968.175 7.6091e-19
9969.700 5.6912e-18
9971.225 9.7725e-18
9972.750 5.5983e-18
9974.275 2.1755e-18
9975.800 5.7799e-18
9977.325 1.263e-17
9978.850 1.5085e-17
9980.375 9.4278e-18
9981.900 1.0724e-18
9983.425 2.4062e-18
9984.950 1.1628e-17
9986.475 1.0094e-17
9988.000 6.2357e-18
9989.525 6.4448e-18
9991.050 1.0578e-17
9992.575 1.5499e-17
9994.100 1.4395e-17
9995.625 9.3066e-18
9997.150 2.3608e-18
9998.675 9.2522e-19
10000.200 3.7429e-18
