3800.0 -1.3556e-18
3801.525 3.8599e-18
3803.05 -6.2479e-19
3804.575 6.1048e-19
3806.1 1.0787e-18
3807.625 1.4671e-18
3809.15 8.0437e-19
3810.675 2.5034e-18
3812.2 3.409e-18
3813.725 2.0873e-18
3815.25 -7.876e-19
3816.775 7.2832e-18
3818.3 -2.7826e-19
3819.825 2.0989e-19
3821.35 -1.6857e-18
3822.875 2.1497e-18
3824.4 3.4198e-18
3825.925 1.1919e-18
3827.45 4.7982e-18
3828.975 5.9358e-18
3830.5 1.3129e-18
3832.025 -8.6373e-19
3833.55 -1.4401e-18
3835.075 2.9335e-19
3836.6 4.094e-18
3838.125 3.971e-18
3839.65 3.485e-18
3841.175 4.1422e-18
3842.7 3.2804e-18
3844.225 -1.0784e-18
3845.75 -9.0248e-19
3847.275 -1.344e-19
3848.8 -2.4702e-18
3850.325 -2.7187e-18
3851.85 3.6255e-18
3853.375 3.2866e-18
3854.9 2.8349e-18
3856.425 -2.305e-18
3857.95 1.5705e-18
3859.475 -1.0305e-18
3861.0 9.6635e-19
3862.525 3.8752e-18
3864.05 5.8852e-18
3865.575 1.0722e-18
3867.1 2.3168e-18
3868.625 2.1289e-18
3870.15 8.0194e-18
3871.675 2.5948e-18
3873.2 -2.2765e-18
3874.725 5.5164e-18
3876.25 -9.8228e-19
3877.775 -2.4123e-18
3879.3 3.5608e-18
3880.825 3.3863e-18
3882.35 2.7778e-18
3883.875 1.6999e-18
3885.4 3.2042e-18
3886.925 1.6933e-18
3888.45 -4.9625e-19
3889.975 1.0837e-17
3891.5 6.0446e-18
3893.025 3.5128e-18
3894.55 6.3283e-18
3896.075 4.0753e-18
3897.6 -1.6637e-19
3899.125 -1.441e-18
3900.65 1.3209e-18
3902.175 7.4925e-18
3903.7 6.4314e-18
3905.225 -6.0196e-18
3906.75 -6.1336e-19
3908.275 4.4916e-18
3909.8 6.5857e-18
3911.325 -1.6062e-18
3912.85 4.328e-18
3914.375 8.7863e-18
3915.9 6.1993e-18
3917.425 5.7313e-18
3918.95 4.7834e-18
3920.475 1.1443e-17
3922.0 4.4331e-18
3923.525 6.3611e-18
3925.05 9.5496e-18
3926.575 5.8e-18
3928.1 7.1204e-18
3929.625 7.8794e-18
3931.15 7.1607e-18
3932.675 6.9114e-18
3934.2 5.467e-18
3935.725 8.2702e-19
3937.25 5.4294e-18
3938.775 9.4763e-18
3940.3 1.4214e-17
3941.825 1.1234e-17
3943.35 7.2544e-18
3944.875 3.0919e-18
3946.4 3.3549e-18
3947.925 7.8026e-18
3949.45 1.1053e-17
3950.975 -2.272e-18
3952.5 -5.1691e-18
3954.025 5.5204e-18
3955.55 3.9242e-18
3957.075 6.7547e-18
3958.6 7.4241e-18
3960.125 6.1557e-18
3961.65 1.1249e-17
3963.175 6.2544e-18
3964.7 9.4935e-18
3966.225 9.112e-18
3967.75 2.0326e-18
3969.275 -1.6906e-19
3970.8 1.5736e-18
3972.325 4.8027e-18
3973.85 3.1951e-18
3975.375 2.3951e-18
3976.9 2.3166e-18
3978.425 7.3716e-18
3979.95 5.9959e-18
3981.475 2.4239e-18
3983.0 4.1994e-18
3984.525 -3.3633e-18
3986.05 -4.3915e-19
3987.575 2.332e-18
3989.1 3.8865e-18
3990.625 5.1507e-18
3992.15 -9.8378e-19
3993.675 3.9954e-18
3995.2 1.1539e-17
3996.725 3.9554e-18
3998.25 3.214e-18
3999.775 6.2601e-18
4001.3 3.8527e-18
4002.825 5.9456e-18
4004.35 -2.5703e-19
4005.875 2.1625e-18
4007.4 -3.7007e-18
4008.925 2.0529e-18
4010.45 2.4655e-18
4011.975 5.639e-18
4013.5 8.232e-19
4015.025 2.5452e-18
4016.55 5.4912e-18
4018.075 5.7076e-19
4019.6 9.2596e-18
4021.125 7.6813e-18
4022.65 1.7115e-18
4024.175 -9.0899e-19
4025.7 4.5708e-18
4027.225 1.0252e-17
4028.75 7.1195e-18
4030.275 5.0199e-18
4031.8 4.2422e-18
4033.325 8.4384e-18
4034.85 6.6528e-18
4036.375 -4.5857e-18
4037.9 2.5888e-19
4039.425 2.1936e-18
4040.95 6.8863e-18
4042.475 2.3166e-18
4044.0 1.4297e-17
4045.525 2.0938e-17
4047.05 7.3902e-18
4048.575 1.2432e-17
4050.1 6.7235e-18
4051.625 6.2808e-18
4053.15 1.2934e-17
4054.675 1.4522e-17
4056.2 6.293e-18
4057.725 6.9686e-18
4059.25 1.2223e-18
4060.775 -1.912e-20
4062.3 -1.5569e-18
4063.825 6.2422e-19
4065.35 1.3229e-18
4066.875 7.3309e-18
4068.4 8.3627e-18
4069.925 3.3267e-18
4071.45 6.3476e-18
4072.975 2.3469e-18
4074.5 7.6453e-18
4076.025 3.4204e-18
4077.55 -2.3075e-18
4079.075 -4.0399e-18
4080.6 6.068e-18
4082.125 3.8794e-18
4083.65 1.4501e-18
4085.175 -2.9209e-18
4086.7 -4.5108e-19
4088.225 1.2065e-18
4089.75 3.4759e-18
4091.275 5.9389e-18
4092.8 5.332e-18
4094.325 7.923e-18
4095.85 7.359e-18
4097.375 6.3217e-18
4098.9 8.7708e-18
4100.425 6.8456e-18
4101.95 1.41e-17
4103.475 1.851e-17
4105.0 1.6942e-17
4106.525 4.8371e-18
4108.05 4.6892e-18
4109.575 1.2864e-17
4111.1 4.6476e-18
4112.625 4.455e-18
4114.15 3.6133e-18
4115.675 6.4963e-18
4117.2 3.8903e-18
4118.725 8.6296e-19
4120.25 7.8802e-18
4121.775 8.1469e-18
4123.3 1.0935e-17
4124.825 1.4168e-17
4126.35 1.5476e-17
4127.875 6.3119e-18
4129.4 7.4027e-18
4130.925 1.2809e-17
4132.45 4.8696e-18
4133.975 -9.4736e-19
4135.5 6.4397e-18
4137.025 9.1953e-18
4138.55 1.3058e-17
4140.075 1.0898e-17
4141.6 1.2836e-17
4143.125 8.6657e-18
4144.65 1.1075e-18
4146.175 3.3515e-18
4147.7 8.2319e-19
4149.225 4.0239e-18
4150.75 7.5705e-18
4152.275 2.7286e-18
4153.8 1.0881e-18
4155.325 2.8963e-18
4156.85 5.3835e-18
4158.375 1.0989e-17
4159.9 1.1332e-17
4161.425 9.6434e-18
4162.95 1.3033e-17
4164.475 1.8733e-17
4166.0 1.2408e-17
4167.525 2.9691e-18
4169.05 7.8758e-18
4170.575 7.3317e-18
4172.1 4.8878e-19
4173.625 1.461e-18
4175.15 9.7479e-18
4176.675 1.2249e-17
4178.2 1.533e-17
4179.725 6.4327e-18
4181.25 5.7019e-18
4182.775 1.7583e-17
4184.3 1.1073e-17
4185.825 4.1236e-18
4187.35 1.2096e-17
4188.875 1.6566e-17
4190.4 1.1332e-17
4191.925 8.6951e-18
4193.45 6.9897e-18
4194.975 1.5456e-17
4196.5 1.2256e-17
4198.025 4.2873e-18
4199.55 1.0444e-17
4201.075 1.429e-17
4202.6 8.5817e-18
4204.125 6.5987e-18
4205.65 9.7971e-18
4207.175 1.2835e-17
4208.7 8.0134e-18
4210.225 5.4563e-18
4211.75 9.2421e-18
4213.275 1.0469e-17
4214.8 8.9082e-18
4216.325 5.1764e-18
4217.85 5.2259e-18
4219.375 4.2283e-18
4220.9 3.4943e-18
4222.425 1.0788e-17
4223.95 8.6274e-18
4225.475 6.193e-18
4227.0 1.3301e-17
4228.525 1.545e-17
4230.05 1.2738e-17
4231.575 1.6277e-17
4233.1 1.7555e-17
4234.625 1.0455e-17
4236.15 5.7972e-18
4237.675 1.0359e-17
4239.2 4.5465e-18
4240.725 6.1921e-18
4242.25 1.1166e-17
4243.775 1.6533e-17
4245.3 1.2623e-17
4246.825 1.1433e-17
4248.35 8.3859e-18
4249.875 1.0532e-17
4251.4 1.2257e-17
4252.925 1.0108e-17
4254.45 1.2686e-17
4255.975 6.0504e-18
4257.5 9.6794e-18
4259.025 1.2356e-17
4260.55 1.1059e-17
4262.075 6.4661e-18
4263.6 5.4604e-18
4265.125 9.2323e-18
4266.65 1.2244e-17
4268.175 3.8894e-18
4269.7 5.018e-18
4271.225 1.0271e-17
4272.75 3.6426e-18
4274.275 7.8068e-18
4275.8 9.398e-18
4277.325 1.0186e-17
4278.85 1.2368e-17
4280.375 -3.6602e-19
4281.9 7.679e-18
4283.425 1.622e-17
4284.95 1.1841e-17
4286.475 4.2738e-18
4288.0 1.1204e-17
4289.525 1.3581e-17
4291.05 1.2556e-17
4292.575 5.0768e-18
4294.1 4.6443e-18
4295.625 6.7004e-18
4297.15 3.3615e-18
4298.675 5.3012e-18
4300.2 6.4968e-18
4301.725 3.3157e-18
4303.25 4.7277e-20
4304.775 2.755e-18
4306.3 7.8733e-18
4307.825 4.7811e-18
4309.35 5.6919e-18
4310.875 8.9806e-18
4312.4 9.216e-18
4313.925 7.9375e-18
4315.45 1.3809e-17
4316.975 2.1566e-17
4318.5 1.0938e-17
4320.025 1.3526e-17
4321.55 5.0217e-18
4323.075 -1.3252e-18
4324.6 3.3355e-18
4326.125 3.7745e-18
4327.65 2.9991e-18
4329.175 4.0623e-18
4330.7 1.0563e-17
4332.225 7.9665e-18
4333.75 7.2051e-18
4335.275 2.5756e-18
4336.8 6.5533e-18
4338.325 3.1141e-18
4339.85 5.0791e-18
4341.375 6.9932e-18
4342.9 3.1865e-18
4344.425 1.7044e-19
4345.95 4.4993e-18
4347.475 1.2299e-17
4349.0 3.022e-18
4350.525 6.9482e-18
4352.05 8.1136e-18
4353.575 8.3936e-18
4355.1 -4.5673e-18
4356.625 -5.7226e-18
4358.15 6.6243e-18
4359.675 2.8856e-17
4361.2 2.1799e-17
4362.725 7.8678e-18
4364.25 5.6666e-19
4365.775 -3.4571e-18
4367.3 6.576e-18
4368.825 4.0678e-18
4370.35 6.9251e-18
4371.875 9.8274e-18
4373.4 5.9056e-18
4374.925 9.6441e-18
4376.45 5.1783e-18
4377.975 1.3728e-18
4379.5 2.7294e-18
4381.025 5.9224e-18
4382.55 7.1657e-18
4384.075 3.4309e-18
4385.6 2.5497e-18
4387.125 4.1457e-18
4388.65 2.0969e-18
4390.175 4.4804e-18
4391.7 -1.5515e-18
4393.225 5.1286e-18
4394.75 5.8247e-18
4396.275 5.9173e-18
4397.8 9.8817e-18
4399.325 1.4959e-17
4400.85 1.7892e-17
4402.375 1.4776e-17
4403.9 4.286e-18
4405.425 6.7839e-18
4406.95 6.7685e-18
4408.475 1.0276e-17
4410.0 7.4761e-18
4411.525 1.2053e-17
4413.05 6.0611e-18
4414.575 5.9592e-18
4416.1 1.4953e-17
4417.625 7.6148e-18
4419.15 3.2029e-18
4420.675 1.3773e-17
4422.2 1.5546e-17
4423.725 1.2376e-17
4425.25 -1.654e-18
4426.775 2.0019e-18
4428.3 1.5418e-17
4429.825 4.3166e-18
4431.35 6.8497e-18
4432.875 3.4783e-18
4434.4 1.3164e-17
4435.925 1.7915e-17
4437.45 4.5944e-18
4438.975 8.5784e-18
4440.5 8.7647e-18
4442.025 3.8036e-18
4443.55 3.2742e-18
4445.075 3.0005e-18
4446.6 9.5137e-19
4448.125 4.1912e-18
4449.65 8.3464e-18
4451.175 9.3161e-18
4452.7 2.7654e-18
4454.225 1.5754e-17
4455.75 1.868e-18
4457.275 5.5997e-18
4458.8 7.6495e-18
4460.325 1.0494e-17
4461.85 6.1657e-18
4463.375 3.5357e-18
4464.9 7.6604e-18
4466.425 1.1343e-17
4467.95 4.3627e-18
4469.475 -4.1009e-18
4471.0 3.2865e-18
4472.525 1.0978e-17
4474.05 1.0062e-17
4475.575 5.776e-18
4477.1 6.1081e-18
4478.625 7.0906e-18
4480.15 2.2416e-18
4481.675 3.3233e-18
4483.2 7.8461e-18
4484.725 1.0113e-17
4486.25 8.7825e-18
4487.775 3.9004e-18
4489.3 4.0911e-18
4490.825 9.2756e-18
4492.35 4.7618e-18
4493.875 1.8412e-17
4495.4 1.5059e-17
4496.925 6.6798e-18
4498.45 1.2762e-17
4499.975 7.4094e-18
4501.5 4.0509e-18
4503.025 4.2043e-18
4504.55 3.513e-18
4506.075 1.0127e-17
4507.6 1.7088e-17
4509.125 1.3699e-17
4510.65 1.766e-17
4512.175 1.8269e-17
4513.7 1.0227e-17
4515.225 5.8187e-18
4516.75 5.5076e-18
4518.275 1.0588e-17
4519.8 1.6061e-17
4521.325 5.2976e-18
4522.85 1.5573e-17
4524.375 1.6672e-17
4525.9 8.6235e-18
4527.425 1.0081e-17
4528.95 1.1048e-17
4530.475 6.3768e-18
4532.0 1.0924e-18
4533.525 5.5187e-18
4535.05 3.858e-18
4536.575 1.8905e-18
4538.1 -1.1612e-18
4539.625 4.7638e-18
4541.15 6.019e-18
4542.675 4.9781e-18
4544.2 6.5725e-18
4545.725 9.1916e-18
4547.25 6.5964e-18
4548.775 1.1703e-17
4550.3 9.7079e-18
4551.825 4.2782e-18
4553.35 1.6362e-18
4554.875 -2.8651e-18
4556.4 7.3353e-18
4557.925 7.8668e-18
4559.45 1.048e-17
4560.975 1.0177e-17
4562.5 1.3114e-17
4564.025 1.1338e-17
4565.55 5.2562e-18
4567.075 7.0469e-18
4568.6 4.0829e-18
4570.125 8.7439e-18
4571.65 7.4617e-18
4573.175 9.9856e-18
4574.7 5.0326e-18
4576.225 1.4433e-18
4577.75 3.181e-18
4579.275 9.633e-18
4580.8 1.0227e-17
4582.325 8.2445e-18
4583.85 4.0942e-18
4585.375 9.9244e-18
4586.9 9.4887e-18
4588.425 8.5542e-18
4589.95 8.7301e-18
4591.475 4.8271e-18
4593.0 8.1546e-18
4594.525 1.0149e-17
4596.05 1.142e-17
4597.575 5.4605e-18
4599.1 7.8235e-18
4600.625 9.7104e-18
4602.15 8.3301e-18
4603.675 1.1907e-17
4605.2 5.0264e-18
4606.725 6.6523e-18
4608.25 5.7725e-18
4609.775 3.2281e-18
4611.3 1.3887e-17
4612.825 1.3056e-17
4614.35 1.1316e-17
4615.875 1.2658e-17
4617.4 1.3908e-17
4618.925 8.6236e-18
4620.45 7.7983e-18
4621.975 5.8495e-18
4623.5 9.4329e-18
4625.025 6.9733e-18
4626.55 8.2866e-18
4628.075 5.5446e-18
4629.6 9.9908e-18
4631.125 4.2933e-18
4632.65 4.0986e-18
4634.175 1.4115e-17
4635.7 1.3912e-17
4637.225 1.212e-17
4638.75 9.1678e-18
4640.275 1.3033e-17
4641.8 1.1879e-17
4643.325 5.7987e-18
4644.85 1.5623e-19
4646.375 3.9256e-18
4647.9 1.0225e-17
4649.425 5.2003e-18
4650.95 5.4167e-18
4652.475 8.4688e-18
4654.0 7.6466e-18
4655.525 1.27e-17
4657.05 1.0063e-17
4658.575 5.8712e-18
4660.1 9.6743e-18
4661.625 5.7775e-18
4663.15 3.7459e-18
4664.675 1.2156e-17
4666.2 1.248e-17
4667.725 7.7602e-18
4669.25 1.4688e-17
4670.775 1.1719e-17
4672.3 1.8213e-17
4673.825 1.7024e-17
4675.35 7.7079e-18
4676.875 4.1383e-18
4678.4 3.8773e-18
4679.925 7.5326e-18
4681.45 8.5446e-18
4682.975 1.1331e-17
4684.5 6.5337e-18
4686.025 8.1079e-18
4687.55 9.0863e-18
4689.075 8.6613e-18
4690.6 6.6901e-18
4692.125 4.438e-18
4693.65 -4.484e-19
4695.175 8.4712e-18
4696.7 1.2695e-17
4698.225 9.92e-18
4699.75 7.8094e-18
4701.275 4.3199e-18
4702.8 5.9979e-18
4704.325 7.5744e-18
4705.85 1.2131e-17
4707.375 1.3997e-17
4708.9 6.3472e-18
4710.425 6.2991e-18
4711.95 1.3305e-17
4713.475 4.9007e-18
4715.0 6.8606e-18
4716.525 1.2467e-17
4718.05 5.84e-18
4719.575 3.6509e-18
4721.1 1.0718e-17
4722.625 1.1187e-17
4724.15 4.6322e-18
4725.675 8.0646e-19
4727.2 1.1504e-18
4728.725 4.6269e-18
4730.25 9.8638e-18
4731.775 5.9489e-18
4733.3 7.6633e-18
4734.825 1.3731e-17
4736.35 6.7889e-18
4737.875 9.9656e-18
4739.4 6.022e-18
4740.925 6.6499e-18
4742.45 7.1738e-18
4743.975 9.2042e-18
4745.5 5.4033e-18
4747.025 -2.613e-19
4748.55 7.4835e-18
4750.075 6.6649e-18
4751.6 8.9296e-18
4753.125 1.4233e-18
4754.65 2.7838e-18
4756.175 2.4023e-18
4757.7 9.9285e-18
4759.225 1.2159e-17
4760.75 1.2241e-17
4762.275 7.9226e-18
4763.8 1.4683e-18
4765.325 5.9335e-18
4766.85 1.118e-17
4768.375 8.1909e-18
4769.9 8.2879e-18
4771.425 1.035e-17
4772.95 1.0551e-17
4774.475 7.2576e-18
4776.0 -3.972e-19
4777.525 2.6852e-18
4779.05 6.3547e-18
4780.575 1.0476e-17
4782.1 1.0605e-17
4783.625 9.7714e-18
4785.15 9.1363e-18
4786.675 7.5965e-18
4788.2 5.9675e-18
4789.725 8.0587e-18
4791.25 1.0078e-17
4792.775 9.6705e-18
4794.3 6.9967e-18
4795.825 8.4913e-18
4797.35 3.5333e-18
4798.875 5.3048e-18
4800.4 6.8913e-18
4801.925 6.6192e-18
4803.45 6.1221e-18
4804.975 8.1514e-18
4806.5 1.2271e-17
4808.025 6.3544e-18
4809.55 6.7035e-18
4811.075 8.8326e-18
4812.6 6.4896e-18
4814.125 3.4299e-18
4815.65 9.1231e-18
4817.175 8.3639e-18
4818.7 4.3118e-18
4820.225 3.1243e-18
4821.75 7.1294e-18
4823.275 7.7425e-18
4824.8 1.0062e-17
4826.325 1.4748e-17
4827.85 1.0377e-17
4829.375 1.0975e-17
4830.9 1.7602e-18
4832.425 3.2352e-19
4833.95 9.4775e-18
4835.475 8.7427e-18
4837.0 6.189e-18
4838.525 1.1709e-17
4840.05 9.6817e-18
4841.575 6.7591e-18
4843.1 1.0776e-17
4844.625 1.0825e-17
4846.15 8.757e-18
4847.675 1.0038e-17
4849.2 1.0703e-17
4850.725 6.3614e-18
4852.25 5.388e-18
4853.775 1.3211e-17
4855.3 1.1827e-17
4856.825 7.9431e-18
4858.35 6.3661e-18
4859.875 1.2372e-17
4861.4 1.3479e-17
4862.925 1.3768e-17
4864.45 1.5205e-17
4865.975 8.1151e-18
4867.5 9.0212e-18
4869.025 1.4787e-17
4870.55 1.5784e-17
4872.075 8.1619e-18
4873.6 5.245e-18
4875.125 8.7905e-18
4876.65 5.9888e-18
4878.175 8.5173e-18
4879.7 6.0045e-18
4881.225 1.0644e-17
4882.75 6.3337e-18
4884.275 5.2571e-18
4885.8 9.4636e-18
4887.325 4.2278e-18
4888.85 7.6714e-18
4890.375 1.0852e-17
4891.9 4.7002e-18
4893.425 4.6664e-18
4894.95 1.485e-17
4896.475 6.7896e-18
4898.0 6.8859e-18
4899.525 1.0798e-17
4901.05 9.2525e-18
4902.575 3.896e-18
4904.1 3.2212e-18
4905.625 7.7066e-18
4907.15 1.0184e-17
4908.675 6.6874e-18
4910.2 9.3084e-18
4911.725 9.5255e-18
4913.25 9.1432e-18
4914.775 4.834e-19
4916.3 4.792e-18
4917.825 1.0542e-17
4919.35 1.1415e-18
4920.875 8.1453e-18
4922.4 8.5475e-18
4923.925 1.3412e-18
4925.45 8.546e-18
4926.975 6.6749e-18
4928.5 7.6341e-18
4930.025 7.6676e-18
4931.55 1.3272e-17
4933.075 3.5512e-18
4934.6 5.8549e-18
4936.125 7.0212e-18
4937.65 8.7877e-18
4939.175 9.0823e-18
4940.7 6.4824e-18
4942.225 6.0375e-18
4943.75 7.4165e-18
4945.275 6.2706e-18
4946.8 7.3167e-18
4948.325 5.9802e-18
4949.85 7.5413e-18
4951.375 7.9661e-18
4952.9 8.9954e-18
4954.425 6.8929e-18
4955.95 1.1144e-17
4957.475 1.1962e-17
4959.0 5.0223e-18
4960.525 2.6683e-18
4962.05 8.9944e-18
4963.575 8.4228e-18
4965.1 1.1704e-17
4966.625 2.7158e-18
4968.15 -1.2493e-18
4969.675 6.1242e-18
4971.2 8.3029e-18
4972.725 7.306e-18
4974.25 2.711e-18
4975.775 2.6451e-18
4977.3 6.8517e-18
4978.825 9.2406e-18
4980.35 2.5808e-18
4981.875 1.0513e-17
4983.4 5.7199e-18
4984.925 7.0244e-18
4986.45 1.2777e-17
4987.975 6.8697e-18
4989.5 1.2299e-17
4991.025 9.0175e-18
4992.55 8.769e-18
4994.075 7.8823e-18
4995.6 1.3166e-17
4997.125 1.2371e-17
4998.65 6.4919e-18
5000.175 5.069e-18
5001.7 9.5867e-18
5003.225 7.1607e-18
5004.75 4.6256e-18
5006.275 1.0236e-17
5007.8 8.1131e-18
5009.325 4.7194e-18
5010.85 6.8146e-18
5012.375 1.0449e-17
5013.9 1.1753e-17
5015.425 8.7702e-18
5016.95 9.4907e-18
5018.475 8.7587e-18
5020.0 1.132e-17
5021.525 1.427e-17
5023.05 6.7629e-18
5024.575 1.2582e-17
5026.1 1.086e-17
5027.625 9.1158e-18
5029.15 1.3717e-17
5030.675 8.6544e-18
5032.2 4.5891e-18
5033.725 5.8611e-18
5035.25 4.682e-18
5036.775 6.6417e-18
5038.3 1.1837e-17
5039.825 6.6156e-18
5041.35 2.2458e-18
5042.875 4.8852e-19
5044.4 5.9286e-18
5045.925 7.5489e-18
5047.45 9.2422e-18
5048.975 8.5427e-18
5050.5 8.513e-18
5052.025 8.7893e-18
5053.55 1.46e-17
5055.075 5.3783e-18
5056.6 7.3534e-18
5058.125 1.0537e-17
5059.65 8.4253e-18
5061.175 5.2169e-18
5062.7 9.7298e-18
5064.225 1.2209e-17
5065.75 1.1885e-17
5067.275 1.6985e-17
5068.8 1.0038e-17
5070.325 1.1467e-17
5071.85 7.6323e-18
5073.375 8.4441e-18
5074.9 1.2577e-17
5076.425 1.2353e-17
5077.95 7.4369e-18
5079.475 1.4026e-17
5081.0 8.5073e-18
5082.525 1.4665e-17
5084.05 1.1601e-17
5085.575 8.5308e-18
5087.1 1.9477e-17
5088.625 1.2414e-17
5090.15 1.0491e-17
5091.675 5.725e-18
5093.2 1.0224e-17
5094.725 9.1931e-18
5096.25 5.4239e-18
5097.775 9.8882e-18
5099.3 8.9627e-18
5100.825 4.7552e-18
5102.35 7.6747e-18
5103.875 1.1433e-17
5105.4 5.8117e-18
5106.925 6.3865e-18
5108.45 1.6028e-17
5109.975 1.5064e-17
5111.5 1.7772e-17
5113.025 1.6703e-17
5114.55 1.3568e-17
5116.075 7.165e-18
5117.6 6.5079e-18
5119.125 9.9119e-18
5120.65 1.092e-17
5122.175 8.1158e-18
5123.7 1.4267e-17
5125.225 6.2797e-18
5126.75 1.317e-17
5128.275 1.5051e-17
5129.8 7.3434e-18
5131.325 9.2185e-18
5132.85 1.008e-17
5134.375 6.6739e-18
5135.9 6.392e-18
5137.425 9.5016e-18
5138.95 8.2809e-18
5140.475 1.3427e-17
5142.0 1.6192e-17
5143.525 5.0541e-18
5145.05 1.0423e-17
5146.575 1.1176e-17
5148.1 1.1062e-17
5149.625 1.0252e-17
5151.15 7.4971e-18
5152.675 9.1328e-18
5154.2 4.6326e-18
5155.725 7.5051e-18
5157.25 1.3982e-17
5158.775 8.2892e-18
5160.3 8.0928e-18
5161.825 7.9422e-18
5163.35 6.1807e-18
5164.875 6.2004e-18
5166.4 1.125e-17
5167.925 9.3406e-18
5169.45 5.0149e-18
5170.975 6.7025e-18
5172.5 1.1256e-17
5174.025 6.2891e-18
5175.55 1.1735e-17
5177.075 1.3022e-17
5178.6 1.4824e-17
5180.125 1.1371e-17
5181.65 1.141e-17
5183.175 1.4029e-17
5184.7 1.4157e-17
5186.225 1.261e-17
5187.75 1.0775e-17
5189.275 9.1889e-18
5190.8 5.8201e-18
5192.325 3.0826e-18
5193.85 8.8e-18
5195.375 1.3381e-17
5196.9 1.4593e-17
5198.425 1.3759e-17
5199.95 5.0891e-18
5201.475 7.2712e-18
5203.0 1.0009e-17
5204.525 1.4431e-17
5206.05 1.3423e-17
5207.575 1.108e-17
5209.1 1.1865e-17
5210.625 1.5518e-17
5212.15 1.2007e-17
5213.675 1.7315e-17
5215.2 1.3953e-17
5216.725 5.256e-18
5218.25 1.0852e-17
5219.775 4.3261e-19
5221.3 6.4107e-18
5222.825 1.1195e-17
5224.35 1.3759e-17
5225.875 8.9908e-18
5227.4 4.4961e-18
5228.925 7.1422e-18
5230.45 1.5282e-17
5231.975 1.6507e-17
5233.5 9.5594e-18
5235.025 1.1362e-17
5236.55 1.8696e-17
5238.075 1.2849e-17
5239.6 1.199e-17
5241.125 1.228e-17
5242.65 2.0384e-17
5244.175 2.1189e-17
5245.7 1.5181e-17
5247.225 1.0553e-17
5248.75 8.5476e-18
5250.275 4.2765e-18
5251.8 1.1694e-17
5253.325 1.7614e-17
5254.85 1.5467e-17
5256.375 4.9492e-18
5257.9 6.4134e-18
5259.425 1.8652e-17
5260.95 1.2424e-17
5262.475 8.1896e-18
5264.0 7.2912e-18
5265.525 8.2812e-18
5267.05 1.6305e-17
5268.575 1.5761e-17
5270.1 8.3407e-18
5271.625 6.0188e-18
5273.15 1.3625e-17
5274.675 1.5303e-17
5276.2 6.9044e-18
5277.725 1.1529e-17
5279.25 1.3683e-17
5280.775 1.2489e-17
5282.3 1.4767e-17
5283.825 1.4733e-17
5285.35 1.3356e-17
5286.875 6.9516e-18
5288.4 1.0169e-17
5289.925 1.9836e-17
5291.45 2.2728e-17
5292.975 8.5369e-18
5294.5 1.0213e-17
5296.025 1.1051e-17
5297.55 1.7671e-17
5299.075 1.3331e-17
5300.6 1.3265e-17
5302.125 1.7026e-17
5303.65 1.7605e-17
5305.175 1.4392e-17
5306.7 1.2958e-17
5308.225 1.3194e-17
5309.75 7.1489e-18
5311.275 4.385e-18
5312.8 2.0228e-17
5314.325 8.4389e-18
5315.85 7.7505e-18
5317.375 1.3201e-17
5318.9 1.3758e-17
5320.425 9.4942e-18
5321.95 1.3085e-17
5323.475 1.6566e-17
5325.0 1.0837e-17
5326.525 8.0647e-18
5328.05 9.4504e-18
5329.575 1.8768e-17
5331.1 2.0261e-17
5332.625 1.7532e-17
5334.15 1.3772e-17
5335.675 1.3957e-17
5337.2 1.4427e-17
5338.725 1.2759e-17
5340.25 1.0274e-17
5341.775 8.5673e-18
5343.3 7.7482e-18
5344.825 1.652e-17
5346.35 1.9576e-17
5347.875 2.3008e-17
5349.4 1.9247e-17
5350.925 9.4131e-18
5352.45 1.4117e-17
5353.975 1.6909e-17
5355.5 5.4947e-18
5357.025 2.4121e-17
5358.55 2.2036e-17
5360.075 1.4783e-17
5361.6 1.7955e-17
5363.125 1.2361e-17
5364.65 1.3145e-17
5366.175 1.228e-17
5367.7 1.3079e-17
5369.225 -1.3941e-18
5370.75 1.7313e-17
5372.275 6.892e-18
5373.8 1.483e-17
5375.325 1.8839e-17
5376.85 1.5501e-17
5378.375 2.0017e-17
5379.9 1.6104e-17
5381.425 6.7711e-18
5382.95 1.2274e-17
5384.475 5.7169e-18
5386.0 6.3874e-18
5387.525 1.3217e-17
5389.05 9.6868e-18
5390.575 1.5956e-17
5392.1 1.328e-17
5393.625 7.498e-18
5395.15 1.0539e-17
5396.675 1.1928e-17
5398.2 8.1157e-18
5399.725 8.8847e-18
5401.25 1.9298e-17
5402.775 9.9102e-21
5404.3 1.8384e-17
5405.825 1.5241e-17
5407.35 8.3108e-18
5408.875 2.9971e-18
5410.4 1.7802e-17
5411.925 1.5473e-17
5413.45 1.1293e-17
5414.975 7.7613e-18
5416.5 7.3269e-18
5418.025 9.1204e-18
5419.55 -6.1425e-19
5421.075 6.4284e-18
5422.6 2.3859e-17
5424.125 2.2154e-17
5425.65 5.6863e-18
5427.175 1.4576e-18
5428.7 1.7553e-17
5430.225 2.6177e-17
5431.75 2.1502e-17
5433.275 1.209e-17
5434.8 1.1649e-17
5436.325 2.3919e-17
5437.85 2.0271e-17
5439.375 1.2678e-17
5440.9 2.7207e-17
5442.425 2.6007e-17
5443.95 3.133e-18
5445.475 1.435e-17
5447.0 1.7583e-17
5448.525 1.0128e-17
5450.05 9.6572e-18
5451.575 3.1841e-17
5453.1 2.3767e-17
5454.625 1.2157e-17
5456.15 1.6583e-17
5457.675 1.0727e-17
5459.2 2.0012e-17
5460.725 8.6379e-18
5462.25 9.6283e-18
5463.775 7.4599e-18
5465.3 9.8544e-18
5466.825 3.1251e-18
5468.35 1.4635e-17
5469.875 1.4271e-17
5471.4 1.3657e-17
5472.925 2.5077e-17
5474.45 2.3363e-17
5475.975 3.277e-17
5477.5 1.0329e-17
5479.025 1.9231e-17
5480.55 1.9828e-17
5482.075 1.8239e-17
5483.6 1.7471e-17
5485.125 5.447e-18
5486.65 1.2821e-17
5488.175 1.4084e-17
5489.7 8.5856e-18
5491.225 3.3492e-17
5492.75 2.1658e-17
5494.275 1.365e-17
5495.8 4.2044e-18
5497.325 5.3129e-18
5498.85 1.9349e-17
5500.375 1.0215e-17
5501.9 3.8683e-18
5503.425 1.8122e-17
5504.95 1.756e-17
5506.475 8.2113e-18
5508.0 1.3798e-17
5509.525 1.9371e-17
5511.05 1.3766e-17
5512.575 9.5215e-18
5514.1 1.8183e-17
5515.625 2.1131e-17
5517.15 2.3262e-17
5518.675 2.6562e-17
5520.2 1.8909e-17
5521.725 1.8173e-17
5523.25 2.1833e-17
5524.775 1.3486e-17
5526.3 7.4902e-18
5527.825 9.635e-18
5529.35 1.1869e-17
5530.875 1.7442e-17
5532.4 1.3901e-17
5533.925 1.1375e-17
5535.45 1.4682e-17
5536.975 1.4687e-17
5538.5 1.5819e-17
5540.025 1.9513e-17
5541.55 2.2286e-17
5543.075 1.357e-17
5544.6 2.2557e-17
5546.125 1.997e-17
5547.65 9.3908e-18
5549.175 1.3849e-17
5550.7 2.539e-17
5552.225 2.5636e-17
5553.75 1.7446e-17
5555.275 2.3421e-17
5556.8 2.1569e-17
5558.325 2.2115e-17
5559.85 1.6321e-17
5561.375 1.7795e-17
5562.9 1.9575e-17
5564.425 1.2335e-17
5565.95 1.0004e-17
5567.475 9.9457e-18
5569.0 2.8349e-18
5570.525 2.9517e-17
5572.05 4.2458e-17
5573.575 2.4351e-17
5575.1 4.78e-17
5576.625 5.8563e-17
5578.15 2.4122e-17
5579.675 4.6799e-18
5581.2 -3.0238e-18
5582.725 5.4529e-18
5584.25 1.4362e-17
5585.775 2.5937e-17
5587.3 2.1358e-17
5588.825 1.2485e-17
5590.35 1.6176e-17
5591.875 1.7799e-17
5593.4 2.1605e-17
5594.925 2.8444e-17
5596.45 1.853e-17
5597.975 1.722e-17
5599.5 2.1915e-17
5601.025 2.2584e-17
5602.55 2.6136e-17
5604.075 2.4589e-17
5605.6 2.434e-17
5607.125 1.4399e-17
5608.65 1.6893e-17
5610.175 2.1908e-17
5611.7 2.0134e-17
5613.225 2.265e-17
5614.75 2.5826e-17
5616.275 2.0128e-17
5617.8 1.5208e-17
5619.325 2.4407e-17
5620.85 3.2487e-17
5622.375 2.4554e-17
5623.9 1.3763e-17
5625.425 1.555e-17
5626.95 1.742e-17
5628.475 2.8459e-17
5630.0 3.1276e-17
5631.525 1.9657e-17
5633.05 2.1543e-17
5634.575 2.5142e-17
5636.1 1.6543e-17
5637.625 1.3786e-17
5639.15 2.7199e-17
5640.675 3.6219e-17
5642.2 2.4947e-17
5643.725 1.994e-17
5645.25 2.0856e-17
5646.775 1.79e-17
5648.3 2.8261e-17
5649.825 3.1802e-17
5651.35 2.4811e-17
5652.875 2.3662e-17
5654.4 2.2989e-17
5655.925 1.7114e-17
5657.45 1.1335e-17
5658.975 1.5488e-17
5660.5 2.3734e-17
5662.025 1.6303e-17
5663.55 1.5819e-17
5665.075 3.4806e-17
5666.6 3.5191e-17
5668.125 2.8808e-17
5669.65 2.5585e-17
5671.175 1.476e-17
5672.7 1.8669e-17
5674.225 2.4444e-17
5675.75 2.0206e-17
5677.275 1.1171e-17
5678.8 2.009e-17
5680.325 2.4477e-17
5681.85 2.1907e-17
5683.375 3.9314e-17
5684.9 4.2151e-17
5686.425 2.8025e-17
5687.95 1.8393e-17
5689.475 1.6171e-17
5691.0 2.7315e-17
5692.525 2.499e-17
5694.05 2.8373e-17
5695.575 2.5805e-17
5697.1 1.7339e-17
5698.625 1.0177e-17
5700.15 1.5871e-17
5701.675 1.7613e-17
5703.2 1.3271e-17
5704.725 2.351e-17
5706.25 1.9735e-17
5707.775 2.1765e-17
5709.3 2.7687e-17
5710.825 2.3095e-17
5712.35 2.3452e-17
5713.875 3.1018e-17
5715.4 3.3557e-17
5716.925 3.4146e-17
5718.45 2.4714e-17
5719.975 2.0804e-17
5721.5 2.3523e-17
5723.025 2.6501e-17
5724.55 2.9827e-17
5726.075 2.8443e-17
5727.6 1.6596e-17
5729.125 1.4698e-17
5730.65 2.0354e-17
5732.175 1.6104e-17
5733.7 1.4671e-17
5735.225 2.3774e-17
5736.75 2.8019e-17
5738.275 2.4411e-17
5739.8 2.4618e-17
5741.325 2.7432e-17
5742.85 2.3552e-17
5744.375 2.1188e-17
5745.9 1.8297e-17
5747.425 1.4914e-17
5748.95 1.6523e-17
5750.475 1.9487e-17
5752.0 2.1176e-17
5753.525 2.372e-17
5755.05 3.1517e-17
5756.575 2.3392e-17
5758.1 1.4686e-17
5759.625 1.912e-17
5761.15 2.4646e-17
5762.675 2.6541e-17
5764.2 2.194e-17
5765.725 2.3409e-17
5767.25 2.2719e-17
5768.775 2.136e-17
5770.3 2.9662e-17
5771.825 2.6778e-17
5773.35 1.9057e-17
5774.875 2.2272e-17
5776.4 2.0701e-17
5777.925 1.6952e-17
5779.45 2.4584e-17
5780.975 3.0279e-17
5782.5 1.7863e-17
5784.025 1.8765e-17
5785.55 3.5557e-17
5787.075 3.2241e-17
5788.6 3.0019e-17
5790.125 3.1944e-17
5791.65 1.954e-17
5793.175 1.893e-17
5794.7 2.4399e-17
5796.225 1.7329e-17
5797.75 1.9095e-17
5799.275 2.2262e-17
5800.8 2.1849e-17
5802.325 1.9723e-17
5803.85 2.1205e-17
5805.375 1.7559e-17
5806.9 1.5297e-17
5808.425 1.6526e-17
5809.95 2.146e-17
5811.475 2.6014e-17
5813.0 2.4637e-17
5814.525 1.8872e-17
5816.05 1.411e-17
5817.575 1.4116e-17
5819.1 1.2956e-17
5820.625 1.6279e-17
5822.15 1.6065e-17
5823.675 1.2745e-17
5825.2 1.8856e-17
5826.725 2.2671e-17
5828.25 2.306e-17
5829.775 2.2892e-17
5831.3 2.1447e-17
5832.825 2.3374e-17
5834.35 2.9325e-17
5835.875 2.3312e-17
5837.4 1.4978e-17
5838.925 2.0965e-17
5840.45 2.173e-17
5841.975 1.7849e-17
5843.5 2.1851e-17
5845.025 2.5772e-17
5846.55 2.1184e-17
5848.075 2.1271e-17
5849.6 2.5445e-17
5851.125 2.2456e-17
5852.65 2.1197e-17
5854.175 2.1527e-17
5855.7 2.0296e-17
5857.225 2.3721e-17
5858.75 2.0678e-17
5860.275 2.3477e-17
5861.8 2.5557e-17
5863.325 2.348e-17
5864.85 1.277e-17
5866.375 6.7793e-18
5867.9 1.3447e-17
5869.425 2.5732e-17
5870.95 2.4243e-17
5872.475 1.1941e-17
5874.0 1.1072e-17
5875.525 2.274e-17
5877.05 1.9534e-17
5878.575 3.5617e-18
5880.1 -3.1222e-18
5881.625 5.8148e-18
5883.15 4.0518e-17
5884.675 5.5107e-17
5886.2 3.2011e-17
5887.725 2.7063e-17
5889.25 5.3169e-17
5890.775 5.4113e-17
5892.3 2.3077e-17
5893.825 1.1501e-17
5895.35 3.3906e-17
5896.875 3.9714e-17
5898.4 1.8485e-17
5899.925 9.6603e-18
5901.45 1.7617e-17
5902.975 1.8261e-17
5904.5 1.5839e-17
5906.025 1.4083e-17
5907.55 1.3474e-17
5909.075 1.7748e-17
5910.6 2.0573e-17
5912.125 1.6292e-17
5913.65 1.6103e-17
5915.175 2.071e-17
5916.7 1.9077e-17
5918.225 1.9156e-17
5919.75 3.0468e-17
5921.275 3.1729e-17
5922.8 2.0232e-17
5924.325 1.7083e-17
5925.85 1.9058e-17
5927.375 1.9777e-17
5928.9 2.1079e-17
5930.425 2.0972e-17
5931.95 2.7375e-17
5933.475 2.315e-17
5935.0 1.199e-17
5936.525 1.2817e-17
5938.05 1.7714e-17
5939.575 2.3082e-17
5941.1 2.6536e-17
5942.625 1.7837e-17
5944.15 1.5057e-17
5945.675 1.8596e-17
5947.2 1.6524e-17
5948.725 2.0032e-17
5950.25 2.7377e-17
5951.775 2.713e-17
5953.3 2.7275e-17
5954.825 2.4363e-17
5956.35 2.2061e-17
5957.875 2.048e-17
5959.4 1.967e-17
5960.925 2.1547e-17
5962.45 1.79e-17
5963.975 1.7221e-17
5965.5 2.3456e-17
5967.025 2.6611e-17
5968.55 2.4399e-17
5970.075 2.0633e-17
5971.6 2.1866e-17
5973.125 2.0779e-17
5974.65 1.7227e-17
5976.175 2.5817e-17
5977.7 3.1649e-17
5979.225 2.2435e-17
5980.75 1.6016e-17
5982.275 1.4587e-17
5983.8 1.1796e-17
5985.325 1.6913e-17
5986.85 1.9317e-17
5988.375 2.2429e-17
5989.9 2.5058e-17
5991.425 2.0459e-17
5992.95 1.6932e-17
5994.475 1.2902e-17
5996.0 1.1926e-17
5997.525 1.8887e-17
5999.05 2.6239e-17
6000.575 2.1472e-17
6002.1 1.1009e-17
6003.625 8.1505e-18
6005.15 1.3192e-17
6006.675 1.7025e-17
6008.2 1.7695e-17
6009.725 2.2278e-17
6011.25 2.3666e-17
6012.775 2.1117e-17
6014.3 1.4962e-17
6015.825 1.2411e-17
6017.35 2.4965e-17
6018.875 3.2146e-17
6020.4 2.4459e-17
6021.925 1.7772e-17
6023.45 1.4744e-17
6024.975 1.4255e-17
6026.5 2.4395e-17
6028.025 3.0513e-17
6029.55 2.8041e-17
6031.075 2.6491e-17
6032.6 1.7843e-17
6034.125 1.8046e-17
6035.65 2.8139e-17
6037.175 3.2116e-17
6038.7 2.8628e-17
6040.225 2.1035e-17
6041.75 2.2075e-17
6043.275 1.8836e-17
6044.8 1.6116e-17
6046.325 2.6067e-17
6047.85 2.1527e-17
6049.375 5.3803e-18
6050.9 8.0287e-18
6052.425 1.5857e-17
6053.95 1.7546e-17
6055.475 2.2058e-17
6057.0 1.8714e-17
6058.525 1.6321e-17
6060.05 1.8139e-17
6061.575 1.7915e-17
6063.1 1.8115e-17
6064.625 1.4237e-17
6066.15 1.3912e-17
6067.675 1.6657e-17
6069.2 1.2367e-17
6070.725 1.5966e-17
6072.25 2.0578e-17
6073.775 1.6684e-17
6075.3 1.3576e-17
6076.825 1.6913e-17
6078.35 2.2305e-17
6079.875 2.5317e-17
6081.4 2.4713e-17
6082.925 2.3854e-17
6084.45 1.9508e-17
6085.975 1.9603e-17
6087.5 1.6472e-17
6089.025 1.03e-17
6090.55 1.4296e-17
6092.075 1.9876e-17
6093.6 1.5729e-17
6095.125 9.6663e-18
6096.65 1.5908e-17
6098.175 2.0809e-17
6099.7 1.7682e-17
6101.225 1.7472e-17
6102.75 1.8563e-17
6104.275 1.931e-17
6105.8 1.9097e-17
6107.325 1.4628e-17
6108.85 2.0017e-17
6110.375 3.1237e-17
6111.9 2.3312e-17
6113.425 1.9747e-17
6114.95 2.6022e-17
6116.475 2.7565e-17
6118.0 2.1188e-17
6119.525 1.5733e-17
6121.05 1.8212e-17
6122.575 1.5992e-17
6124.1 1.1424e-17
6125.625 1.8526e-17
6127.15 2.5275e-17
6128.675 1.7907e-17
6130.2 1.6207e-17
6131.725 2.1148e-17
6133.25 1.8265e-17
6134.775 1.9106e-17
6136.3 2.3045e-17
6137.825 2.4033e-17
6139.35 1.6978e-17
6140.875 1.6594e-17
6142.4 2.0269e-17
6143.925 1.9268e-17
6145.45 2.1592e-17
6146.975 2.6493e-17
6148.5 2.559e-17
6150.025 2.0132e-17
6151.55 1.9156e-17
6153.075 1.8346e-17
6154.6 1.7229e-17
6156.125 2.7764e-17
6157.65 2.8446e-17
6159.175 1.7095e-17
6160.7 1.5671e-17
6162.225 1.9714e-17
6163.75 2.1691e-17
6165.275 2.3126e-17
6166.8 2.693e-17
6168.325 2.1471e-17
6169.85 1.7154e-17
6171.375 2.2141e-17
6172.9 1.9213e-17
6174.425 1.4814e-17
6175.95 2.0567e-17
6177.475 2.7397e-17
6179.0 2.7193e-17
6180.525 2.249e-17
6182.05 2.0708e-17
6183.575 2.3707e-17
6185.1 2.8384e-17
6186.625 3.0056e-17
6188.15 2.3964e-17
6189.675 1.7724e-17
6191.2 1.9462e-17
6192.725 2.6124e-17
6194.25 2.6381e-17
6195.775 2.3209e-17
6197.3 2.7697e-17
6198.825 2.6364e-17
6200.35 2.1746e-17
6201.875 1.8891e-17
6203.4 1.786e-17
6204.925 1.7504e-17
6206.45 1.3383e-17
6207.975 1.5814e-17
6209.5 1.8945e-17
6211.025 1.5646e-17
6212.55 1.8481e-17
6214.075 2.3999e-17
6215.6 1.7513e-17
6217.125 1.7594e-17
6218.65 2.5018e-17
6220.175 2.4856e-17
6221.7 1.7612e-17
6223.225 1.459e-17
6224.75 1.4801e-17
6226.275 1.7248e-17
6227.8 1.7115e-17
6229.325 1.6609e-17
6230.85 2.4662e-17
6232.375 2.8658e-17
6233.9 2.2872e-17
6235.425 1.6735e-17
6236.95 1.9659e-17
6238.475 2.4405e-17
6240.0 2.0476e-17
6241.525 1.4042e-17
6243.05 1.6892e-17
6244.575 2.0968e-17
6246.1 2.6846e-17
6247.625 3.1083e-17
6249.15 2.2103e-17
6250.675 2.129e-17
6252.2 2.2449e-17
6253.725 1.6865e-17
6255.25 1.7662e-17
6256.775 1.9988e-17
6258.3 2.6583e-17
6259.825 2.0771e-17
6261.35 1.5361e-17
6262.875 1.2544e-17
6264.4 1.7893e-17
6265.925 1.7589e-17
6267.45 2.0806e-17
6268.975 2.2098e-17
6270.5 1.7275e-17
6272.025 1.0778e-17
6273.55 1.1618e-17
6275.075 1.4865e-17
6276.6 1.4189e-17
6278.125 1.4197e-17
6279.65 1.3544e-17
6281.175 1.8168e-17
6282.7 2.4342e-17
6284.225 2.2859e-17
6285.75 1.868e-17
6287.275 1.8143e-17
6288.8 1.5748e-17
6290.325 7.027e-18
6291.85 4.8226e-18
6293.375 2.3146e-17
6294.9 3.1472e-17
6296.425 1.7145e-17
6297.95 2.4855e-17
6299.475 4.2143e-17
6301.0 3.5022e-17
6302.525 1.7116e-17
6304.05 6.6315e-18
6305.575 9.6761e-18
6307.1 2.2743e-17
6308.625 2.23e-17
6310.15 1.726e-17
6311.675 2.0194e-17
6313.2 1.5057e-17
6314.725 1.5189e-17
6316.25 2.2742e-17
6317.775 2.1478e-17
6319.3 1.8639e-17
6320.825 1.8597e-17
6322.35 1.8409e-17
6323.875 1.7273e-17
6325.4 2.0454e-17
6326.925 2.1609e-17
6328.45 1.8389e-17
6329.975 2.0873e-17
6331.5 2.4841e-17
6333.025 2.6389e-17
6334.55 2.529e-17
6336.075 2.0698e-17
6337.6 2.2646e-17
6339.125 2.2447e-17
6340.65 2.4133e-17
6342.175 2.2998e-17
6343.7 1.5551e-17
6345.225 1.4929e-17
6346.75 1.7017e-17
6348.275 1.7113e-17
6349.8 1.7896e-17
6351.325 1.0905e-17
6352.85 1.243e-17
6354.375 1.7037e-17
6355.9 1.6441e-17
6357.425 2.1183e-17
6358.95 1.9508e-17
6360.475 1.8601e-17
6362.0 2.1839e-17
6363.525 2.0761e-17
6365.05 2.2743e-17
6366.575 1.8468e-17
6368.1 1.2676e-17
6369.625 1.2184e-17
6371.15 1.8478e-17
6372.675 2.4048e-17
6374.2 2.4017e-17
6375.725 1.9195e-17
6377.25 1.5028e-17
6378.775 2.0961e-17
6380.3 2.5979e-17
6381.825 2.184e-17
6383.35 2.0328e-17
6384.875 2.3854e-17
6386.4 2.5527e-17
6387.925 2.8476e-17
6389.45 2.5445e-17
6390.975 1.8254e-17
6392.5 2.072e-17
6394.025 2.6643e-17
6395.55 2.8453e-17
6397.075 2.3242e-17
6398.6 2.1927e-17
6400.125 2.0177e-17
6401.65 2.3581e-17
6403.175 2.6818e-17
6404.7 2.5238e-17
6406.225 1.9723e-17
6407.75 1.5412e-17
6409.275 1.6733e-17
6410.8 1.6131e-17
6412.325 1.5497e-17
6413.85 1.9074e-17
6415.375 2.3732e-17
6416.9 2.741e-17
6418.425 2.9407e-17
6419.95 2.2413e-17
6421.475 2.1659e-17
6423.0 2.2707e-17
6424.525 2.0263e-17
6426.05 2.0626e-17
6427.575 1.6061e-17
6429.1 1.5952e-17
6430.625 1.9592e-17
6432.15 2.4871e-17
6433.675 2.513e-17
6435.2 1.5885e-17
6436.725 1.4743e-17
6438.25 2.1248e-17
6439.775 2.3081e-17
6441.3 2.1387e-17
6442.825 2.0037e-17
6444.35 2.4314e-17
6445.875 2.4303e-17
6447.4 2.4718e-17
6448.925 2.2476e-17
6450.45 2.3433e-17
6451.975 2.2967e-17
6453.5 1.5033e-17
6455.025 1.7809e-17
6456.55 2.748e-17
6458.075 2.736e-17
6459.6 2.6089e-17
6461.125 2.4734e-17
6462.65 2.51e-17
6464.175 2.6334e-17
6465.7 2.6054e-17
6467.225 2.0687e-17
6468.75 1.8928e-17
6470.275 2.7525e-17
6471.8 2.8194e-17
6473.325 2.1019e-17
6474.85 1.7615e-17
6476.375 1.8289e-17
6477.9 2.2461e-17
6479.425 2.0686e-17
6480.95 1.8994e-17
6482.475 2.4943e-17
6484.0 2.8618e-17
6485.525 2.5023e-17
6487.05 2.3007e-17
6488.575 2.1998e-17
6490.1 2.0434e-17
6491.625 2.0833e-17
6493.15 1.7371e-17
6494.675 1.7867e-17
6496.2 2.1887e-17
6497.725 2.5662e-17
6499.25 2.4839e-17
6500.775 2.3163e-17
6502.3 2.4693e-17
6503.825 2.521e-17
6505.35 2.5932e-17
6506.875 2.2817e-17
6508.4 2.063e-17
6509.925 2.3192e-17
6511.45 2.705e-17
6512.975 3.115e-17
6514.5 2.8791e-17
6516.025 2.4067e-17
6517.55 2.043e-17
6519.075 1.9942e-17
6520.6 2.3247e-17
6522.125 2.5677e-17
6523.65 2.5233e-17
6525.175 2.7242e-17
6526.7 3.0686e-17
6528.225 2.9425e-17
6529.75 2.8576e-17
6531.275 2.7889e-17
6532.8 2.9542e-17
6534.325 2.8498e-17
6535.85 2.4352e-17
6537.375 2.5869e-17
6538.9 2.5699e-17
6540.425 3.0009e-17
6541.95 3.2773e-17
6543.475 2.3997e-17
6545.0 1.7431e-17
6546.525 2.093e-17
6548.05 2.7153e-17
6549.575 2.7247e-17
6551.1 2.5632e-17
6552.625 2.4973e-17
6554.15 2.166e-17
6555.675 1.9955e-17
6557.2 2.2018e-17
6558.725 2.1429e-17
6560.25 2.1771e-17
6561.775 2.565e-17
6563.3 2.9133e-17
6564.825 2.9619e-17
6566.35 2.6538e-17
6567.875 2.1795e-17
6569.4 2.2554e-17
6570.925 2.6543e-17
6572.45 3.0775e-17
6573.975 3.2239e-17
6575.5 2.5537e-17
6577.025 2.3786e-17
6578.55 2.3048e-17
6580.075 2.2347e-17
6581.6 2.2812e-17
6583.125 2.2919e-17
6584.65 2.5797e-17
6586.175 2.2715e-17
6587.7 1.9873e-17
6589.225 2.2769e-17
6590.75 2.5235e-17
6592.275 2.3529e-17
6593.8 2.1326e-17
6595.325 2.4159e-17
6596.85 2.4852e-17
6598.375 2.453e-17
6599.9 2.4784e-17
6601.425 2.8895e-17
6602.95 2.6536e-17
6604.475 1.9924e-17
6606.0 1.8313e-17
6607.525 1.9233e-17
6609.05 2.3079e-17
6610.575 2.5105e-17
6612.1 1.8896e-17
6613.625 1.7018e-17
6615.15 1.8809e-17
6616.675 2.3778e-17
6618.2 2.9457e-17
6619.725 3.1125e-17
6621.25 2.6126e-17
6622.775 2.3924e-17
6624.3 2.4914e-17
6625.825 2.4594e-17
6627.35 2.6486e-17
6628.875 2.2114e-17
6630.4 2.0012e-17
6631.925 2.3681e-17
6633.45 2.6311e-17
6634.975 2.6139e-17
6636.5 2.4754e-17
6638.025 2.6756e-17
6639.55 2.6304e-17
6641.075 2.5385e-17
6642.6 2.7937e-17
6644.125 2.8588e-17
6645.65 2.2243e-17
6647.175 1.7759e-17
6648.7 1.8418e-17
6650.225 1.8538e-17
6651.75 2.3287e-17
6653.275 2.0864e-17
6654.8 1.8376e-17
6656.325 1.9737e-17
6657.85 2.1499e-17
6659.375 2.2191e-17
6660.9 2.3509e-17
6662.425 2.7133e-17
6663.95 2.6486e-17
6665.475 2.1633e-17
6667.0 1.9936e-17
6668.525 2.1699e-17
6670.05 2.4063e-17
6671.575 2.5495e-17
6673.1 2.0047e-17
6674.625 1.9702e-17
6676.15 2.3056e-17
6677.675 1.8963e-17
6679.2 1.9065e-17
6680.725 2.5033e-17
6682.25 2.1965e-17
6683.775 1.6821e-17
6685.3 1.4578e-17
6686.825 1.6331e-17
6688.35 1.9787e-17
6689.875 2.2648e-17
6691.4 2.2324e-17
6692.925 1.9541e-17
6694.45 1.647e-17
6695.975 1.7804e-17
6697.5 2.4651e-17
6699.025 2.5003e-17
6700.55 1.8421e-17
6702.075 1.8023e-17
6703.6 1.9368e-17
6705.125 2.3794e-17
6706.65 2.3489e-17
6708.175 2.1006e-17
6709.7 1.96e-17
6711.225 1.635e-17
6712.75 1.7214e-17
6714.275 2.1259e-17
6715.8 2.0057e-17
6717.325 1.9857e-17
6718.85 1.9072e-17
6720.375 2.1611e-17
6721.9 2.2273e-17
6723.425 1.6511e-17
6724.95 1.5861e-17
6726.475 2.5502e-17
6728.0 2.463e-17
6729.525 1.5685e-17
6731.05 1.9321e-17
6732.575 2.361e-17
6734.1 2.1569e-17
6735.625 1.9108e-17
6737.15 2.2966e-17
6738.675 2.4007e-17
6740.2 1.9418e-17
6741.725 1.8627e-17
6743.25 1.8691e-17
6744.775 1.6456e-17
6746.3 1.861e-17
6747.825 2.2135e-17
6749.35 2.3415e-17
6750.875 2.2312e-17
6752.4 2.1396e-17
6753.925 2.0198e-17
6755.45 2.2104e-17
6756.975 1.9088e-17
6758.5 1.9219e-17
6760.025 2.3214e-17
6761.55 2.2185e-17
6763.075 1.6984e-17
6764.6 1.5397e-17
6766.125 1.6735e-17
6767.65 2.0506e-17
6769.175 2.1855e-17
6770.7 2.0471e-17
6772.225 1.7223e-17
6773.75 1.1995e-17
6775.275 1.9174e-17
6776.8 2.3572e-17
6778.325 2.1225e-17
6779.85 2.0608e-17
6781.375 1.8895e-17
6782.9 1.4681e-17
6784.425 1.6309e-17
6785.95 1.7197e-17
6787.475 1.7932e-17
6789.0 2.0836e-17
6790.525 1.8915e-17
6792.05 1.5888e-17
6793.575 1.3025e-17
6795.1 1.4651e-17
6796.625 2.219e-17
6798.15 2.416e-17
6799.675 2.0524e-17
6801.2 1.9296e-17
6802.725 1.9276e-17
6804.25 1.8792e-17
6805.775 1.7053e-17
6807.3 1.5618e-17
6808.825 1.8499e-17
6810.35 2.237e-17
6811.875 2.2104e-17
6813.4 1.998e-17
6814.925 1.7899e-17
6816.45 1.759e-17
6817.975 1.5661e-17
6819.5 1.1955e-17
6821.025 1.5055e-17
6822.55 1.8093e-17
6824.075 1.7911e-17
6825.6 2.0335e-17
6827.125 2.403e-17
6828.65 2.3923e-17
6830.175 2.0521e-17
6831.7 1.6808e-17
6833.225 1.3187e-17
6834.75 1.2376e-17
6836.275 1.4954e-17
6837.8 1.7771e-17
6839.325 1.8285e-17
6840.85 1.9332e-17
6842.375 2.0018e-17
6843.9 1.9787e-17
6845.425 1.9146e-17
6846.95 1.8202e-17
6848.475 1.7699e-17
6850.0 1.4304e-17
6851.525 1.5844e-17
6853.05 1.8184e-17
6854.575 1.5246e-17
6856.1 1.7917e-17
6857.625 2.2229e-17
6859.15 2.1063e-17
6860.675 1.9019e-17
6862.2 1.8121e-17
6863.725 2.012e-17
6865.25 1.5335e-17
6866.775 9.2826e-18
6868.3 8.9165e-18
6869.825 6.7099e-18
6871.35 1.0154e-17
6872.875 1.5423e-17
6874.4 1.3237e-17
6875.925 1.4233e-17
6877.45 1.7451e-17
6878.975 1.4745e-17
6880.5 1.5454e-17
6882.025 2.1173e-17
6883.55 2.289e-17
6885.075 2.1204e-17
6886.6 1.8206e-17
6888.125 1.5998e-17
6889.65 1.4434e-17
6891.175 7.765e-18
6892.7 9.5542e-18
6894.225 1.2693e-17
6895.75 1.3834e-17
6897.275 1.6301e-17
6898.8 1.4109e-17
6900.325 1.3655e-17
6901.85 1.6175e-17
6903.375 1.6317e-17
6904.9 1.5007e-17
6906.425 1.7787e-17
6907.95 1.8046e-17
6909.475 1.7002e-17
6911.0 1.6491e-17
6912.525 1.483e-17
6914.05 1.6252e-17
6915.575 1.8615e-17
6917.1 1.971e-17
6918.625 2.1789e-17
6920.15 1.8636e-17
6921.675 1.5466e-17
6923.2 1.9588e-17
6924.725 1.9761e-17
6926.25 1.5447e-17
6927.775 1.5471e-17
6929.3 1.3424e-17
6930.825 1.3194e-17
6932.35 1.8287e-17
6933.875 2.1508e-17
6935.4 2.1485e-17
6936.925 2.1948e-17
6938.45 2.1471e-17
6939.975 1.5426e-17
6941.5 1.2211e-17
6943.025 2.0463e-17
6944.55 2.2189e-17
6946.075 1.8346e-17
6947.6 1.8788e-17
6949.125 2.1443e-17
6950.65 2.1137e-17
6952.175 1.6058e-17
6953.7 1.9123e-17
6955.225 2.0566e-17
6956.75 1.8287e-17
6958.275 1.9025e-17
6959.8 1.9696e-17
6961.325 1.4989e-17
6962.85 1.544e-17
6964.375 1.6049e-17
6965.9 1.9295e-17
6967.425 1.9534e-17
6968.95 1.7569e-17
6970.475 1.728e-17
6972.0 1.7682e-17
6973.525 1.9363e-17
6975.05 1.9003e-17
6976.575 1.7264e-17
6978.1 1.6444e-17
6979.625 1.4326e-17
6981.15 1.168e-17
6982.675 1.7862e-17
6984.2 2.1212e-17
6985.725 1.9108e-17
6987.25 1.8505e-17
6988.775 1.7638e-17
6990.3 1.888e-17
6991.825 2.0326e-17
6993.35 2.1106e-17
6994.875 1.9309e-17
6996.4 1.4962e-17
6997.925 1.994e-17
6999.45 2.4874e-17
7000.975 2.3114e-17
7002.5 2.1877e-17
7004.025 2.0269e-17
7005.55 1.7762e-17
7007.075 1.4107e-17
7008.6 1.399e-17
7010.125 1.7154e-17
7011.65 1.9238e-17
7013.175 1.9448e-17
7014.7 1.9078e-17
7016.225 1.9991e-17
7017.75 1.9232e-17
7019.275 1.9254e-17
7020.8 2.1268e-17
7022.325 2.1073e-17
7023.85 2.1203e-17
7025.375 2.0658e-17
7026.9 1.6676e-17
7028.425 1.767e-17
7029.95 2.1381e-17
7031.475 2.2695e-17
7033.0 2.1062e-17
7034.525 2.0567e-17
7036.05 2.4498e-17
7037.575 2.1843e-17
7039.1 1.5467e-17
7040.625 1.4815e-17
7042.15 2.012e-17
7043.675 2.0272e-17
7045.2 1.7202e-17
7046.725 1.8299e-17
7048.25 1.7358e-17
7049.775 1.8232e-17
7051.3 2.261e-17
7052.825 1.877e-17
7054.35 1.6549e-17
7055.875 1.7823e-17
7057.4 1.7717e-17
7058.925 1.359e-17
7060.45 1.2955e-17
7061.975 1.1979e-17
7063.5 1.3845e-17
7065.025 2.1471e-17
7066.55 2.4675e-17
7068.075 2.2254e-17
7069.6 2.1596e-17
7071.125 2.2542e-17
7072.65 1.971e-17
7074.175 1.912e-17
7075.7 2.1065e-17
7077.225 2.0446e-17
7078.75 1.6155e-17
7080.275 1.5751e-17
7081.8 1.1947e-17
7083.325 1.5211e-17
7084.85 1.8248e-17
7086.375 1.7137e-17
7087.9 1.6702e-17
7089.425 1.718e-17
7090.95 2.0666e-17
7092.475 1.9845e-17
7094.0 1.9596e-17
7095.525 2.1616e-17
7097.05 2.1966e-17
7098.575 1.9884e-17
7100.1 1.81e-17
7101.625 2.0935e-17
7103.15 2.0102e-17
7104.675 1.9048e-17
7106.2 1.9629e-17
7107.725 1.624e-17
7109.25 1.696e-17
7110.775 1.7538e-17
7112.3 1.6208e-17
7113.825 1.6316e-17
7115.35 1.9242e-17
7116.875 1.9226e-17
7118.4 1.5512e-17
7119.925 1.5337e-17
7121.45 1.7313e-17
7122.975 2.0226e-17
7124.5 2.0034e-17
7126.025 1.6474e-17
7127.55 1.7003e-17
7129.075 1.6449e-17
7130.6 1.646e-17
7132.125 1.6561e-17
7133.65 1.6214e-17
7135.175 1.6402e-17
7136.7 1.4845e-17
7138.225 1.4541e-17
7139.75 1.2407e-17
7141.275 1.5514e-17
7142.8 2.0696e-17
7144.325 2.0527e-17
7145.85 1.9763e-17
7147.375 1.8959e-17
7148.9 1.455e-17
7150.425 1.3773e-17
7151.95 1.9573e-17
7153.475 2.5577e-17
7155.0 2.1732e-17
7156.525 1.666e-17
7158.05 1.8255e-17
7159.575 1.8021e-17
7161.1 1.6734e-17
7162.625 1.7178e-17
7164.15 1.9688e-17
7165.675 2.1012e-17
7167.2 1.8187e-17
7168.725 1.6978e-17
7170.25 1.7028e-17
7171.775 1.8414e-17
7173.3 1.7456e-17
7174.825 1.4972e-17
7176.35 1.6756e-17
7177.875 1.9637e-17
7179.4 1.843e-17
7180.925 1.4134e-17
7182.45 1.3106e-17
7183.975 1.3077e-17
7185.5 1.2644e-17
7187.025 1.5876e-17
7188.55 1.8152e-17
7190.075 1.594e-17
7191.6 1.4807e-17
7193.125 1.7621e-17
7194.65 1.8754e-17
7196.175 1.8053e-17
7197.7 1.9418e-17
7199.225 1.764e-17
7200.75 1.2873e-17
7202.275 1.3983e-17
7203.8 1.6695e-17
7205.325 1.7241e-17
7206.85 1.8471e-17
7208.375 1.7641e-17
7209.9 1.4549e-17
7211.425 1.5027e-17
7212.95 1.7776e-17
7214.475 1.6944e-17
7216.0 1.3313e-17
7217.525 1.323e-17
7219.05 1.8599e-17
7220.575 1.908e-17
7222.1 1.6193e-17
7223.625 1.589e-17
7225.15 1.6488e-17
7226.675 1.5182e-17
7228.2 9.8768e-18
7229.725 1.1573e-17
7231.25 1.5126e-17
7232.775 1.506e-17
7234.3 1.4254e-17
7235.825 9.6508e-18
7237.35 1.3359e-17
7238.875 2.1731e-17
7240.4 1.5918e-17
7241.925 -1.611e-19
7243.45 3.0458e-18
7244.975 1.8364e-17
7246.5 2.1818e-17
7248.025 1.5556e-17
7249.55 1.7999e-17
7251.075 2.0866e-17
7252.6 1.796e-17
7254.125 1.8222e-17
7255.65 1.865e-17
7257.175 1.7478e-17
7258.7 1.5447e-17
7260.225 1.1496e-17
7261.75 9.2249e-18
7263.275 1.2568e-17
7264.8 1.4372e-17
7266.325 1.3464e-17
7267.85 1.9855e-17
7269.375 2.7744e-17
7270.9 2.6848e-17
7272.425 1.7087e-17
7273.95 1.004e-17
7275.475 2.1196e-17
7277.0 2.9954e-17
7278.525 1.8679e-17
7280.05 1.2108e-17
7281.575 1.6961e-17
7283.1 2.4949e-17
7284.625 2.2988e-17
7286.15 1.7877e-17
7287.675 1.8024e-17
7289.2 2.0134e-17
7290.725 2.2094e-17
7292.25 1.9476e-17
7293.775 1.5634e-17
7295.3 1.6936e-17
7296.825 2.2549e-17
7298.35 2.0463e-17
7299.875 1.5459e-17
7301.4 1.436e-17
7302.925 1.2759e-17
7304.45 1.0777e-17
7305.975 1.3983e-17
7307.5 1.6177e-17
7309.025 2.0345e-17
7310.55 2.5515e-17
7312.075 2.5337e-17
7313.6 1.8946e-17
7315.125 1.9329e-17
7316.65 1.9532e-17
7318.175 1.3585e-17
7319.7 1.3097e-17
7321.225 1.9229e-17
7322.75 2.1791e-17
7324.275 1.7192e-17
7325.8 1.6363e-17
7327.325 2.186e-17
7328.85 2.385e-17
7330.375 1.8951e-17
7331.9 1.3191e-17
7333.425 1.532e-17
7334.95 2.2819e-17
7336.475 2.6463e-17
7338.0 2.1659e-17
7339.525 1.6295e-17
7341.05 1.8264e-17
7342.575 1.7303e-17
7344.1 1.6409e-17
7345.625 1.9406e-17
7347.15 1.7368e-17
7348.675 1.5819e-17
7350.2 1.7982e-17
7351.725 2.0915e-17
7353.25 2.1049e-17
7354.775 2.0946e-17
7356.3 2.0845e-17
7357.825 1.7556e-17
7359.35 1.5443e-17
7360.875 1.7598e-17
7362.4 2.3823e-17
7363.925 2.6109e-17
7365.45 1.7157e-17
7366.975 1.4593e-17
7368.5 1.8685e-17
7370.025 1.8287e-17
7371.55 1.0231e-17
7373.075 1.1647e-17
7374.6 1.9318e-17
7376.125 1.8573e-17
7377.65 1.3983e-17
7379.175 1.2963e-17
7380.7 1.6586e-17
7382.225 1.9826e-17
7383.75 1.6824e-17
7385.275 1.7639e-17
7386.8 2.0708e-17
7388.325 1.9295e-17
7389.85 1.6021e-17
7391.375 1.4752e-17
7392.9 1.0927e-17
7394.425 1.0868e-17
7395.95 1.5538e-17
7397.475 1.7767e-17
7399.0 2.1342e-17
7400.525 1.9222e-17
7402.05 1.5639e-17
7403.575 1.8981e-17
7405.1 1.8401e-17
7406.625 1.4709e-17
7408.15 1.7591e-17
7409.675 2.1397e-17
7411.2 1.9876e-17
7412.725 1.8349e-17
7414.25 1.9198e-17
7415.775 2.0773e-17
7417.3 2.2723e-17
7418.825 2.1265e-17
7420.35 1.9487e-17
7421.875 2.0063e-17
7423.4 2.1073e-17
7424.925 1.9565e-17
7426.45 1.7205e-17
7427.975 1.8099e-17
7429.5 1.8101e-17
7431.025 1.8179e-17
7432.55 1.9087e-17
7434.075 1.8904e-17
7435.6 1.9298e-17
7437.125 2.0496e-17
7438.65 2.2532e-17
7440.175 2.1648e-17
7441.7 1.9727e-17
7443.225 1.969e-17
7444.75 2.0074e-17
7446.275 1.8855e-17
7447.8 2.1242e-17
7449.325 2.215e-17
7450.85 1.6618e-17
7452.375 1.3426e-17
7453.9 1.4806e-17
7455.425 1.873e-17
7456.95 2.1141e-17
7458.475 1.9142e-17
7460.0 1.8932e-17
7461.525 2.2724e-17
7463.05 2.3409e-17
7464.575 1.9246e-17
7466.1 1.7845e-17
7467.625 2.0191e-17
7469.15 2.1043e-17
7470.675 1.8871e-17
7472.2 1.7927e-17
7473.725 1.7088e-17
7475.25 1.5586e-17
7476.775 1.9449e-17
7478.3 2.4568e-17
7479.825 2.3375e-17
7481.35 2.0153e-17
7482.875 2.0588e-17
7484.4 2.0649e-17
7485.925 1.6966e-17
7487.45 1.6802e-17
7488.975 1.855e-17
7490.5 1.9808e-17
7492.025 2.3832e-17
7493.55 2.5352e-17
7495.075 2.2851e-17
7496.6 1.941e-17
7498.125 1.8886e-17
7499.65 1.8384e-17
7501.175 1.6895e-17
7502.7 1.524e-17
7504.225 1.2211e-17
7505.75 1.2494e-17
7507.275 1.7487e-17
7508.8 2.2286e-17
7510.325 2.3656e-17
7511.85 1.9419e-17
7513.375 1.578e-17
7514.9 1.8024e-17
7516.425 2.3277e-17
7517.95 2.4437e-17
7519.475 1.9247e-17
7521.0 2.002e-17
7522.525 2.2696e-17
7524.05 1.9265e-17
7525.575 2.07e-17
7527.1 1.9926e-17
7528.625 1.8875e-17
7530.15 2.0449e-17
7531.675 1.9563e-17
7533.2 2.0738e-17
7534.725 2.29e-17
7536.25 2.6501e-17
7537.775 2.6693e-17
7539.3 2.0631e-17
7540.825 2.2848e-17
7542.35 2.2141e-17
7543.875 1.7197e-17
7545.4 1.5235e-17
7546.925 1.7907e-17
7548.45 2.0788e-17
7549.975 2.3696e-17
7551.5 1.9938e-17
7553.025 1.8141e-17
7554.55 1.8677e-17
7556.075 1.9419e-17
7557.6 1.5781e-17
7559.125 1.8902e-17
7560.65 2.2712e-17
7562.175 1.777e-17
7563.7 1.8064e-17
7565.225 2.169e-17
7566.75 1.8083e-17
7568.275 1.4034e-17
7569.8 1.7118e-17
7571.325 2.1832e-17
7572.85 1.5723e-17
7574.375 2.0118e-17
7575.9 2.6042e-17
7577.425 1.8749e-17
7578.95 1.2637e-17
7580.475 1.4279e-17
7582.0 1.8003e-17
7583.525 1.8564e-17
7585.05 2.1657e-17
7586.575 1.8873e-17
7588.1 1.7628e-17
7589.625 2.0425e-17
7591.15 1.9796e-17
7592.675 1.3727e-17
7594.2 5.2515e-18
7595.725 4.5299e-18
7597.25 6.4649e-18
7598.775 5.0927e-18
7600.3 6.7091e-18
7601.825 5.3349e-18
7603.35 -4.1492e-19
7604.875 1.12e-18
7606.4 3.8106e-18
7607.925 3.5347e-18
7609.45 5.5114e-18
7610.975 7.8057e-18
7612.5 8.9962e-18
7614.025 1.0605e-17
7615.55 1.5737e-17
7617.075 1.4235e-17
7618.6 7.7935e-18
7620.125 8.0779e-18
7621.65 1.0311e-17
7623.175 1.2495e-17
7624.7 1.2138e-17
7626.225 1.0459e-17
7627.75 9.6104e-18
7629.275 1.0087e-17
7630.8 1.0911e-17
7632.325 1.0402e-17
7633.85 1.2865e-17
7635.375 1.3938e-17
7636.9 9.8396e-18
7638.425 8.0614e-18
7639.95 1.0907e-17
7641.475 1.485e-17
7643.0 1.5459e-17
7644.525 1.2647e-17
7646.05 1.2632e-17
7647.575 1.447e-17
7649.1 1.1217e-17
7650.625 1.0683e-17
7652.15 1.6598e-17
7653.675 1.775e-17
7655.2 1.4651e-17
7656.725 1.7902e-17
7658.25 1.2509e-17
7659.775 1.1069e-17
7661.3 1.638e-17
7662.825 1.7751e-17
7664.35 1.6751e-17
7665.875 1.8208e-17
7667.4 2.0451e-17
7668.925 1.8195e-17
7670.45 1.4974e-17
7671.975 1.7236e-17
7673.5 2.1511e-17
7675.025 1.8952e-17
7676.55 1.69e-17
7678.075 2.2443e-17
7679.6 2.3778e-17
7681.125 2.0985e-17
7682.65 2.3648e-17
7684.175 2.424e-17
7685.7 1.6773e-17
7687.225 1.3311e-17
7688.75 1.8164e-17
7690.275 1.7222e-17
7691.8 1.5877e-17
7693.325 1.85e-17
7694.85 1.718e-17
7696.375 1.623e-17
7697.9 1.8741e-17
7699.425 1.6188e-17
7700.95 1.6934e-17
7702.475 2.0345e-17
7704.0 2.1265e-17
7705.525 2.0947e-17
7707.05 2.0312e-17
7708.575 2.8094e-17
7710.1 4.1984e-17
7711.625 4.104e-17
7713.15 2.475e-17
7714.675 2.2026e-17
7716.2 2.6241e-17
7717.725 2.4638e-17
7719.25 1.7949e-17
7720.775 1.2718e-17
7722.3 1.3102e-17
7723.825 2.3972e-17
7725.35 2.4283e-17
7726.875 1.5836e-17
7728.4 1.7996e-17
7729.925 2.0044e-17
7731.45 1.7977e-17
7732.975 1.9461e-17
7734.5 2.0405e-17
7736.025 1.801e-17
7737.55 1.6152e-17
7739.075 1.6294e-17
7740.6 1.5338e-17
7742.125 1.7705e-17
7743.65 2.2244e-17
7745.175 2.2016e-17
7746.7 1.8894e-17
7748.225 2.5932e-17
7749.75 3.6688e-17
7751.275 3.0863e-17
7752.8 2.0821e-17
7754.325 1.7064e-17
7755.85 1.5317e-17
7757.375 1.5952e-17
7758.9 2.147e-17
7760.425 2.4874e-17
7761.95 1.7439e-17
7763.475 1.2429e-17
7765.0 1.2648e-17
7766.525 1.3913e-17
7768.05 1.7632e-17
7769.575 1.9927e-17
7771.1 1.471e-17
7772.625 1.1302e-17
7774.15 1.8689e-17
7775.675 1.6809e-17
7777.2 1.1515e-17
7778.725 2.0962e-17
7780.25 2.2324e-17
7781.775 1.4371e-17
7783.3 1.4339e-17
7784.825 1.7676e-17
7786.35 2.2565e-17
7787.875 2.7537e-17
7789.4 2.7567e-17
7790.925 2.5784e-17
7792.45 2.2794e-17
7793.975 2.1201e-17
7795.5 1.6948e-17
7797.025 1.311e-17
7798.55 1.3037e-17
7800.075 1.2597e-17
7801.6 1.7393e-17
7803.125 2.0547e-17
7804.65 2.0035e-17
7806.175 1.8211e-17
7807.7 1.2438e-17
7809.225 1.2787e-17
7810.75 1.9281e-17
7812.275 1.6758e-17
7813.8 1.9231e-17
7815.325 2.938e-17
7816.85 3.2885e-17
7818.375 2.2508e-17
7819.9 2.0306e-17
7821.425 2.0606e-17
7822.95 1.5189e-17
7824.475 1.4283e-17
7826.0 1.7065e-17
7827.525 2.122e-17
7829.05 1.6693e-17
7830.575 1.2971e-17
7832.1 1.3905e-17
7833.625 1.2412e-17
7835.15 1.4833e-17
7836.675 1.913e-17
7838.2 2.2938e-17
7839.725 2.2389e-17
7841.25 1.7495e-17
7842.775 1.5631e-17
7844.3 1.5292e-17
7845.825 2.0815e-17
7847.35 2.9487e-17
7848.875 2.5268e-17
7850.4 2.3178e-17
7851.925 2.8214e-17
7853.45 3.3996e-17
7854.975 2.4346e-17
7856.5 1.3323e-17
7858.025 1.8565e-17
7859.55 2.0679e-17
7861.075 2.3678e-17
7862.6 2.2283e-17
7864.125 1.354e-17
7865.65 1.6471e-17
7867.175 2.0303e-17
7868.7 2.0467e-17
7870.225 2.4446e-17
7871.75 2.4046e-17
7873.275 1.663e-17
7874.8 1.5202e-17
7876.325 2.2223e-17
7877.85 2.4518e-17
7879.375 1.6763e-17
7880.9 1.1707e-17
7882.425 1.8681e-17
7883.95 2.353e-17
7885.475 1.7097e-17
7887.0 1.1412e-17
7888.525 2.0954e-17
7890.05 2.0618e-17
7891.575 2.1125e-17
7893.1 2.7832e-17
7894.625 2.2311e-17
7896.15 1.6186e-17
7897.675 1.4773e-17
7899.2 1.3242e-17
7900.725 1.6005e-17
7902.25 1.6984e-17
7903.775 1.6646e-17
7905.3 2.1801e-17
7906.825 2.8224e-17
7908.35 2.7822e-17
7909.875 1.5547e-17
7911.4 7.972e-18
7912.925 1.5385e-17
7914.45 2.2017e-17
7915.975 2.4308e-17
7917.5 1.9895e-17
7919.025 1.17e-17
7920.55 1.3403e-17
7922.075 1.6925e-17
7923.6 1.9222e-17
7925.125 1.4483e-17
7926.65 1.2548e-17
7928.175 1.7541e-17
7929.7 1.6319e-17
7931.225 1.1763e-17
7932.75 1.1294e-17
7934.275 9.9824e-18
7935.8 1.1419e-17
7937.325 1.689e-17
7938.85 1.9386e-17
7940.375 1.317e-17
7941.9 1.2554e-17
7943.425 1.753e-17
7944.95 1.692e-17
7946.475 8.6938e-18
7948.0 1.0498e-17
7949.525 1.9859e-17
7951.05 2.0083e-17
7952.575 1.4002e-17
7954.1 1.5997e-17
7955.625 1.8602e-17
7957.15 2.1658e-17
7958.675 2.7817e-17
7960.2 2.0771e-17
7961.725 1.2181e-17
7963.25 1.5373e-17
7964.775 1.559e-17
7966.3 1.4954e-17
7967.825 1.2578e-17
7969.35 1.4779e-17
7970.875 1.7031e-17
7972.4 1.5659e-17
7973.925 1.8509e-17
7975.45 2.0506e-17
7976.975 1.4926e-17
7978.5 9.6853e-18
7980.025 1.2617e-17
7981.55 1.4561e-17
7983.075 1.0507e-17
7984.6 9.0983e-18
7986.125 1.8863e-17
7987.65 3.102e-17
7989.175 2.7669e-17
7990.7 2.0754e-17
7992.225 1.2373e-17
7993.75 7.9393e-18
7995.275 1.7933e-17
7996.8 1.6047e-17
7998.325 8.3071e-18
7999.85 9.3927e-18
8001.375 1.477e-17
8002.9 1.5929e-17
8004.425 1.4023e-17
8005.95 1.4958e-17
8007.475 1.9561e-17
8009.0 1.9607e-17
8010.525 1.72e-17
8012.05 1.8698e-17
8013.575 1.6386e-17
8015.1 1.3396e-17
8016.625 1.179e-17
8018.15 1.6192e-17
8019.675 1.907e-17
8021.2 1.3335e-17
8022.725 5.9908e-18
8024.25 3.9307e-18
8025.775 1.706e-17
8027.3 1.677e-17
8028.825 2.2171e-18
8030.35 7.559e-18
8031.875 1.3071e-17
8033.4 1.2836e-17
8034.925 1.6409e-17
8036.45 1.5855e-17
8037.975 1.1204e-17
8039.5 1.3864e-17
8041.025 1.5943e-17
8042.55 1.6236e-17
8044.075 1.5943e-17
8045.6 1.7571e-17
8047.125 1.7257e-17
8048.65 1.3689e-17
8050.175 1.5261e-17
8051.7 1.5879e-17
8053.225 1.5843e-17
8054.75 1.6587e-17
8056.275 1.4121e-17
8057.8 9.508e-18
8059.325 1.1661e-17
8060.85 1.3574e-17
8062.375 1.1215e-17
8063.9 1.0744e-17
8065.425 1.0983e-17
8066.95 1.2018e-17
8068.475 1.1271e-17
8070.0 9.8436e-18
8071.525 1.3544e-17
8073.05 1.5508e-17
8074.575 8.6431e-18
8076.1 1.06e-17
8077.625 1.3454e-17
8079.15 1.0999e-17
8080.675 1.2717e-17
8082.2 1.492e-17
8083.725 1.226e-17
8085.25 1.0931e-17
8086.775 1.2074e-17
8088.3 1.0673e-17
8089.825 1.0256e-17
8091.35 1.3701e-17
8092.875 1.2441e-17
8094.4 7.8224e-18
8095.925 7.2959e-18
8097.45 7.6137e-18
8098.975 8.2883e-18
8100.5 1.1028e-17
8102.025 1.4155e-17
8103.55 1.4244e-17
8105.075 1.2624e-17
8106.6 1.2401e-17
8108.125 9.0371e-18
8109.65 9.0047e-18
8111.175 1.233e-17
8112.7 1.0001e-17
8114.225 1.1306e-17
8115.75 1.5441e-17
8117.275 1.5979e-17
8118.8 1.4662e-17
8120.325 1.7484e-17
8121.85 1.7599e-17
8123.375 1.0486e-17
8124.9 9.3005e-18
8126.425 1.3042e-17
8127.95 1.488e-17
8129.475 1.261e-17
8131.0 1.1012e-17
8132.525 1.0663e-17
8134.05 1.042e-17
8135.575 1.249e-17
8137.1 1.317e-17
8138.625 1.2483e-17
8140.15 9.716e-18
8141.675 1.0862e-17
8143.2 1.4283e-17
8144.725 8.4706e-18
8146.25 9.8566e-18
8147.775 1.5888e-17
8149.3 1.5028e-17
8150.825 1.378e-17
8152.35 1.0211e-17
8153.875 9.2813e-18
8155.4 1.1672e-17
8156.925 1.2814e-17
8158.45 1.2086e-17
8159.975 7.0679e-18
8161.5 4.9466e-18
8163.025 8.8009e-18
8164.55 1.2578e-17
8166.075 8.6354e-18
8167.6 5.3374e-18
8169.125 4.5986e-18
8170.65 4.9025e-18
8172.175 6.9968e-18
8173.7 8.0142e-18
8175.225 9.1058e-18
8176.75 9.4861e-18
8178.275 8.77e-18
8179.8 7.6799e-18
8181.325 1.104e-17
8182.85 1.2728e-17
8184.375 1.1447e-17
8185.9 6.4148e-18
8187.425 4.1659e-18
8188.95 6.8901e-18
8190.475 5.0041e-18
8192.0 4.6727e-18
8193.525 8.2224e-18
8195.05 9.6713e-18
8196.575 1.1799e-17
8198.1 9.5028e-18
8199.625 4.1609e-18
8201.15 3.7639e-18
8202.675 7.3004e-18
8204.2 6.0028e-18
8205.725 5.1299e-18
8207.25 1.0851e-17
8208.775 1.6543e-17
8210.3 1.2405e-17
8211.825 5.7099e-18
8213.35 5.5012e-18
8214.875 4.7751e-18
8216.4 9.0936e-18
8217.925 1.3798e-17
8219.45 1.2096e-17
8220.975 8.5318e-18
8222.5 6.2502e-18
8224.025 1.0448e-17
8225.55 1.0362e-17
8227.075 6.5546e-18
8228.6 5.8894e-18
8230.125 4.6136e-18
8231.65 3.2583e-18
8233.175 5.437e-18
8234.7 7.4936e-18
8236.225 7.2647e-18
8237.75 7.552e-18
8239.275 1.0363e-17
8240.8 7.9678e-18
8242.325 6.0263e-18
8243.85 8.2911e-18
8245.375 8.7178e-18
8246.9 7.3483e-18
8248.425 9.51e-18
8249.95 1.1327e-17
8251.475 1.1387e-17
8253.0 9.6456e-18
8254.525 9.8838e-18
8256.05 1.197e-17
8257.575 1.2291e-17
8259.1 1.3635e-17
8260.625 9.5929e-18
8262.15 5.1756e-18
8263.675 6.6282e-18
8265.2 9.9819e-18
8266.725 9.6321e-18
8268.25 8.0799e-18
8269.775 1.2598e-17
8271.3 1.3267e-17
8272.825 8.0095e-18
8274.35 1.0717e-17
8275.875 1.6548e-17
8277.4 1.109e-17
8278.925 7.3563e-18
8280.45 5.0273e-18
8281.975 8.8733e-18
8283.5 1.303e-17
8285.025 1.0265e-17
8286.55 7.2292e-18
8288.075 8.2801e-18
8289.6 7.8879e-18
8291.125 1.2222e-17
8292.65 1.5868e-17
8294.175 1.5843e-17
8295.7 1.3048e-17
8297.225 1.0558e-17
8298.75 2.4013e-17
8300.275 3.2538e-17
8301.8 1.8561e-17
8303.325 4.2775e-18
8304.85 4.4018e-18
8306.375 5.6665e-18
8307.9 9.3522e-18
8309.425 1.1966e-17
8310.95 1.0772e-17
8312.475 8.7805e-18
8314.0 8.162e-18
8315.525 9.0334e-18
8317.05 1.3266e-17
8318.575 1.2611e-17
8320.1 6.7668e-18
8321.625 7.5461e-18
8323.15 1.0237e-17
8324.675 1.0098e-17
8326.2 8.0427e-18
8327.725 6.1723e-18
8329.25 8.2354e-18
8330.775 1.2032e-17
8332.3 7.427e-18
8333.825 -3.3612e-19
8335.35 -1.645e-19
8336.875 8.8646e-18
8338.4 3.906e-17
8339.925 5.2747e-17
8341.45 2.9762e-17
8342.975 1.4616e-17
8344.5 6.1536e-18
8346.025 1.0047e-17
8347.55 7.4167e-18
8349.075 2.7357e-19
8350.6 1.0088e-17
8352.125 1.5348e-17
8353.65 1.5581e-17
8355.175 1.6278e-17
8356.7 1.0312e-17
8358.225 8.8803e-18
8359.75 1.1646e-17
8361.275 1.2421e-17
8362.8 1.392e-17
8364.325 1.689e-17
8365.85 1.3348e-17
8367.375 1.3365e-17
8368.9 1.1901e-17
8370.425 1.3758e-17
8371.95 1.1885e-17
8373.475 9.7939e-18
8375.0 1.3145e-17
8376.525 1.6705e-17
8378.05 9.8723e-18
8379.575 9.0646e-18
8381.1 1.6269e-17
8382.625 1.5471e-17
8384.15 6.7056e-18
8385.675 3.9886e-18
8387.2 1.0013e-17
8388.725 1.1617e-17
8390.25 7.0247e-18
8391.775 5.7993e-18
8393.3 1.5001e-17
8394.825 2.2152e-17
8396.35 2.5392e-17
8397.875 1.3651e-17
8399.4 1.0183e-17
8400.925 8.8966e-18
8402.45 -7.0926e-18
8403.975 -2.1293e-18
8405.5 7.0659e-18
8407.025 8.8234e-18
8408.55 1.6739e-17
8410.075 2.1557e-17
8411.6 1.4001e-17
8413.125 1.1793e-17
8414.65 7.2345e-18
8416.175 1.4373e-18
8417.7 4.1946e-19
8419.225 7.0222e-18
8420.75 1.1436e-17
8422.275 6.4168e-18
8423.8 1.6535e-17
8425.325 2.8131e-17
8426.85 3.3235e-17
8428.375 3.2244e-17
8429.9 2.0553e-17
8431.425 1.5698e-17
8432.95 8.5637e-18
8434.475 4.7938e-18
8436.0 1.036e-17
8437.525 1.3939e-17
8439.05 1.9428e-17
8440.575 1.7975e-17
8442.1 1.3078e-17
8443.625 8.5807e-18
8445.15 5.2992e-18
8446.675 9.8234e-18
8448.2 9.9809e-18
8449.725 1.0242e-17
8451.25 1.6494e-17
8452.775 1.4619e-17
8454.3 1.0825e-17
8455.825 4.2433e-18
8457.35 4.1964e-18
8458.875 1.4483e-17
8460.4 2.5917e-17
8461.925 1.8216e-17
8463.45 1.1632e-17
8464.975 1.4776e-17
8466.5 2.2444e-17
8468.025 2.1876e-17
8469.55 8.4744e-18
8471.075 7.9333e-18
8472.6 1.0154e-17
8474.125 9.8641e-18
8475.65 9.7864e-18
8477.175 1.2004e-17
8478.7 9.6741e-18
8480.225 9.4568e-18
8481.75 1.4031e-17
8483.275 1.4831e-17
8484.8 1.2161e-17
8486.325 1.1189e-17
8487.85 1.8795e-17
8489.375 1.6182e-17
8490.9 1.4989e-17
8492.425 2.1839e-17
8493.95 1.825e-17
8495.475 9.9195e-18
8497.0 6.7481e-18
8498.525 1.6186e-17
8500.05 2.2971e-17
8501.575 1.5115e-17
8503.1 1.269e-17
8504.625 2.2312e-17
8506.15 1.5167e-17
8507.675 5.5978e-18
8509.2 1.0045e-17
8510.725 1.2419e-17
8512.25 8.56e-18
8513.775 9.9994e-18
8515.3 1.2461e-17
8516.825 1.1142e-17
8518.35 1.1442e-17
8519.875 1.4156e-17
8521.4 1.3143e-17
8522.925 1.3184e-17
8524.45 1.511e-17
8525.975 1.3856e-17
8527.5 1.072e-17
8529.025 6.2163e-18
8530.55 6.3858e-18
8532.075 1.2567e-17
8533.6 1.6773e-17
8535.125 1.6193e-17
8536.65 1.2123e-17
8538.175 1.6407e-17
8539.7 1.4942e-17
8541.225 2.8985e-18
8542.75 6.4809e-18
8544.275 1.7534e-17
8545.8 2.2376e-17
8547.325 2.0605e-17
8548.85 1.9003e-17
8550.375 1.977e-17
8551.9 1.1692e-17
8553.425 6.8232e-18
8554.95 8.3131e-18
8556.475 7.3248e-18
8558.0 4.5427e-18
8559.525 4.6296e-18
8561.05 9.2521e-18
8562.575 1.3359e-17
8564.1 1.3462e-17
8565.625 9.1385e-18
8567.15 8.7076e-18
8568.675 7.7278e-18
8570.2 6.7216e-18
8571.725 1.1288e-17
8573.25 1.0858e-17
8574.775 7.5675e-18
8576.3 9.0451e-18
8577.825 1.0036e-17
8579.35 1.1751e-17
8580.875 7.9723e-18
8582.4 6.9288e-18
8583.925 7.751e-18
8585.45 9.5555e-18
8586.975 8.6736e-18
8588.5 5.4233e-18
8590.025 8.6851e-18
8591.55 1.5588e-17
8593.075 9.0666e-18
8594.6 2.0627e-18
8596.125 8.7962e-18
8597.65 1.1128e-17
8599.175 5.5509e-18
8600.7 6.0402e-18
8602.225 9.8865e-18
8603.75 8.6656e-18
8605.275 7.5416e-18
8606.8 1.3752e-17
8608.325 1.319e-17
8609.85 7.2694e-18
8611.375 6.0839e-18
8612.9 4.9846e-18
8614.425 5.266e-18
8615.95 1.4387e-17
8617.475 1.9676e-17
8619.0 1.1244e-17
8620.525 6.8584e-18
8622.05 1.3178e-17
8623.575 1.4442e-17
8625.1 9.7422e-18
8626.625 1.1229e-17
8628.15 1.2115e-17
8629.675 7.0287e-18
8631.2 4.4168e-18
8632.725 1.1128e-17
8634.25 1.7128e-17
8635.775 1.6124e-17
8637.3 1.5004e-17
8638.825 1.2852e-17
8640.35 1.4915e-17
8641.875 1.8366e-17
8643.4 1.8181e-17
8644.925 2.0184e-17
8646.45 2.0201e-17
8647.975 1.2927e-17
8649.5 5.9251e-18
8651.025 7.5398e-19
8652.55 1.9882e-18
8654.075 1.1648e-17
8655.6 1.6097e-17
8657.125 1.8202e-17
8658.65 1.6145e-17
8660.175 1.3371e-17
8661.7 9.9562e-18
8663.225 1.1045e-17
8664.75 1.9475e-17
8666.275 1.4311e-17
8667.8 9.8014e-18
8669.325 1.2601e-17
8670.85 1.2014e-17
8672.375 7.9445e-18
8673.9 7.4637e-18
8675.425 1.1637e-17
8676.95 1.4378e-17
8678.475 9.4189e-18
8680.0 5.7324e-18
8681.525 5.8285e-18
8683.05 1.0819e-17
8684.575 1.2437e-17
8686.1 9.6144e-18
8687.625 6.7226e-18
8689.15 1.0174e-17
8690.675 1.1431e-17
8692.2 1.3297e-17
8693.725 1.6048e-17
8695.25 1.5864e-17
8696.775 1.1808e-17
8698.3 1.0732e-17
8699.825 1.1663e-17
8701.35 1.0416e-17
8702.875 8.6177e-18
8704.4 1.0219e-17
8705.925 8.2923e-18
8707.45 6.7363e-18
8708.975 1.0834e-17
8710.5 1.3066e-17
8712.025 1.2246e-17
8713.55 1.1986e-17
8715.075 1.1402e-17
8716.6 7.8592e-18
8718.125 8.14e-18
8719.65 1.3195e-17
8721.175 1.1433e-17
8722.7 6.5728e-18
8724.225 5.3147e-18
8725.75 8.6097e-18
8727.275 1.2037e-17
8728.8 1.3399e-17
8730.325 1.667e-17
8731.85 1.5792e-17
8733.375 1.3298e-17
8734.9 1.1387e-17
8736.425 1.1048e-17
8737.95 1.4384e-17
8739.475 1.8273e-17
8741.0 1.9591e-17
8742.525 1.8603e-17
8744.05 1.7059e-17
8745.575 1.073e-17
8747.1 7.4756e-18
8748.625 7.5623e-18
8750.15 6.1189e-18
8751.675 6.616e-18
8753.2 1.1657e-17
8754.725 2.6955e-17
8756.25 2.9395e-17
8757.775 9.4671e-18
8759.3 3.149e-19
8760.825 1.5874e-17
8762.35 2.5305e-17
8763.875 8.6384e-18
8765.4 4.0758e-18
8766.925 1.8576e-17
8768.45 2.0191e-17
8769.975 9.3997e-18
8771.5 1.1299e-17
8773.025 2.2088e-17
8774.55 1.159e-17
8776.075 9.6793e-18
8777.6 1.4636e-17
8779.125 1.7933e-17
8780.65 6.8989e-18
8782.175 -1.5896e-18
8783.7 8.9408e-18
8785.225 2.556e-17
8786.75 2.8169e-17
8788.275 1.4982e-17
8789.8 1.2166e-17
8791.325 2.3455e-17
8792.85 1.718e-17
8794.375 2.2339e-18
8795.9 8.5915e-18
8797.425 1.0297e-17
8798.95 9.4109e-18
8800.475 1.1878e-17
8802.0 1.2802e-17
8803.525 1.0656e-17
8805.05 1.018e-17
8806.575 1.2514e-17
8808.1 1.2685e-17
8809.625 9.183e-18
8811.15 9.739e-18
8812.675 1.3847e-17
8814.2 1.2305e-17
8815.725 1.1398e-17
8817.25 1.1255e-17
8818.775 4.2518e-18
8820.3 2.2277e-17
8821.825 5.4987e-17
8823.35 2.1686e-17
8824.875 7.5453e-19
8826.4 1.2644e-17
8827.925 2.4933e-17
8829.45 5.4335e-18
8830.975 7.2674e-19
8832.5 1.7196e-17
8834.025 1.2534e-17
8835.55 6.8527e-18
8837.075 2.0583e-17
8838.6 1.7807e-17
8840.125 5.02e-18
8841.65 4.9372e-18
8843.175 1.2839e-17
8844.7 1.7619e-17
8846.225 1.3674e-17
8847.75 1.1702e-17
8849.275 1.901e-17
8850.8 2.1131e-17
8852.325 1.3911e-17
8853.85 1.2071e-17
8855.375 1.3991e-17
8856.9 1.8657e-17
8858.425 1.8639e-17
8859.95 1.1229e-17
8861.475 2.0415e-17
8863.0 2.424e-17
8864.525 1.3002e-17
8866.05 1.555e-17
8867.575 1.7315e-17
8869.1 9.1335e-18
8870.625 5.447e-18
8872.15 1.0984e-17
8873.675 1.9314e-17
8875.2 1.6546e-17
8876.725 2.6239e-18
8878.25 1.006e-17
8879.775 4.4313e-17
8881.3 4.9968e-17
8882.825 1.6987e-17
8884.35 1.6899e-17
8885.875 2.906e-17
8887.4 2.6214e-17
8888.925 -1.2383e-18
8890.45 -1.3867e-18
8891.975 8.0232e-18
8893.5 1.2254e-17
8895.025 1.3439e-17
8896.55 2.4048e-17
8898.075 3.289e-17
8899.6 2.513e-17
8901.125 2.1718e-17
8902.65 2.1813e-17
8904.175 1.8302e-17
8905.7 9.2299e-18
8907.225 7.1226e-18
8908.75 1.1264e-17
8910.275 8.7508e-18
8911.8 4.877e-18
8913.325 2.4725e-17
8914.85 4.0558e-17
8916.375 3.0938e-17
8917.9 1.9897e-17
8919.425 3.5352e-17
8920.95 3.7864e-17
8922.475 -1.3035e-18
8924.0 -3.4453e-18
8925.525 1.1403e-17
8927.05 8.737e-18
8928.575 9.0928e-18
8930.1 1.5669e-17
8931.625 1.5619e-17
8933.15 1.0772e-17
8934.675 6.431e-18
8936.2 1.2791e-17
8937.725 2.0129e-17
8939.25 1.6565e-17
8940.775 1.7958e-17
8942.3 1.8992e-17
8943.825 1.5722e-17
8945.35 8.0212e-18
8946.875 7.7246e-21
8948.4 -6.199e-19
8949.925 1.4751e-18
8951.45 2.1109e-17
8952.975 4.5931e-17
8954.5 4.0079e-17
8956.025 1.4807e-17
8957.55 1.1427e-17
8959.075 2.2366e-17
8960.6 1.1333e-18
8962.125 -1.0033e-17
8963.65 9.2569e-18
8965.175 1.3764e-17
8966.7 1.0801e-17
8968.225 1.0106e-17
8969.75 8.5353e-18
8971.275 4.7883e-18
8972.8 5.5753e-18
8974.325 7.3183e-18
8975.85 8.5191e-18
8977.375 7.6786e-18
8978.9 8.6766e-18
8980.425 1.1469e-17
8981.95 1.5385e-17
8983.475 2.1486e-17
8985.0 1.6479e-17
8986.525 1.0378e-17
8988.05 6.5209e-18
8989.575 6.0869e-18
8991.1 4.5549e-18
8992.625 6.015e-18
8994.15 2.0203e-17
8995.675 3.0413e-17
8997.2 2.2335e-17
8998.725 1.6395e-17
9000.25 1.4854e-17
9001.775 1.5443e-17
9003.3 1.0713e-17
9004.825 -2.7577e-18
9006.35 2.3341e-18
9007.875 7.6784e-18
9009.4 9.8845e-18
9010.925 9.0351e-18
9012.45 1.1464e-17
9013.975 1.1017e-17
9015.5 8.6259e-18
9017.025 1.0508e-17
9018.55 6.8415e-18
9020.075 7.2082e-18
9021.6 1.0941e-17
9023.125 1.2063e-17
9024.65 9.3005e-18
9026.175 7.3096e-18
9027.7 8.742e-18
9029.225 8.2604e-18
9030.75 7.9311e-18
9032.275 8.3935e-18
9033.8 1.0899e-17
9035.325 1.2888e-17
9036.85 8.3523e-18
9038.375 6.5471e-18
9039.9 4.8817e-18
9041.425 3.122e-18
9042.95 1.0524e-17
9044.475 1.8381e-17
9046.0 1.6963e-17
9047.525 1.3756e-17
9049.05 2.0275e-17
9050.575 1.6468e-17
9052.1 4.5217e-18
9053.625 2.9023e-18
9055.15 7.9663e-18
9056.675 1.3712e-17
9058.2 1.4343e-17
9059.725 1.174e-17
9061.25 1.1199e-17
9062.775 1.4e-17
9064.3 1.5924e-17
9065.825 1.2957e-17
9067.35 1.3424e-17
9068.875 1.5704e-17
9070.4 1.2905e-17
9071.925 1.1508e-17
9073.45 1.17e-17
9074.975 8.526e-18
9076.5 6.8574e-18
9078.025 1.0095e-17
9079.55 1.3569e-17
9081.075 1.5483e-17
9082.6 1.3134e-17
9084.125 1.0017e-17
9085.65 1.2547e-17
9087.175 1.4509e-17
9088.7 1.4119e-17
9090.225 1.1976e-17
9091.75 1.5656e-17
9093.275 1.8677e-17
9094.8 8.9468e-18
9096.325 8.4794e-18
9097.85 2.0169e-17
9099.375 1.9135e-17
9100.9 1.4308e-17
9102.425 1.609e-17
9103.95 1.6303e-17
9105.475 6.391e-18
9107.0 3.1427e-18
9108.525 1.3711e-17
9110.05 1.6238e-17
9111.575 1.0756e-17
9113.1 1.3567e-17
9114.625 1.4114e-17
9116.15 7.6277e-18
9117.675 8.1013e-18
9119.2 1.3001e-17
9120.725 1.3842e-17
9122.25 1.164e-17
9123.775 1.0667e-17
9125.3 1.2967e-17
9126.825 1.7098e-17
9128.35 1.7336e-17
9129.875 1.2269e-17
9131.4 1.114e-17
9132.925 1.4489e-17
9134.45 1.0606e-17
9135.975 5.7201e-18
9137.5 1.0323e-17
9139.025 1.5031e-17
9140.55 1.7033e-17
9142.075 1.3974e-17
9143.6 1.1679e-17
9145.125 1.118e-17
9146.65 1.1318e-17
9148.175 1.4982e-17
9149.7 1.2949e-17
9151.225 1.0472e-17
9152.75 1.0345e-17
9154.275 1.1397e-17
9155.8 9.7505e-18
9157.325 9.117e-18
9158.85 1.5591e-17
9160.375 1.4455e-17
9161.9 8.5153e-18
9163.425 8.9135e-18
9164.95 1.3416e-17
9166.475 1.5764e-17
9168.0 1.5816e-17
9169.525 1.8329e-17
9171.05 1.6374e-17
9172.575 7.2649e-18
9174.1 5.3626e-18
9175.625 1.2159e-17
9177.15 1.4131e-17
9178.675 1.441e-17
9180.2 1.226e-17
9181.725 8.4586e-18
9183.25 1.0353e-17
9184.775 1.1609e-17
9186.3 1.3437e-17
9187.825 1.2e-17
9189.35 1.2116e-17
9190.875 1.3393e-17
9192.4 1.2307e-17
9193.925 1.2456e-17
9195.45 1.1492e-17
9196.975 1.0255e-17
9198.5 1.011e-17
9200.025 1.4049e-17
9201.55 9.3068e-18
9203.075 7.0964e-18
9204.6 1.0737e-17
9206.125 9.9325e-18
9207.65 1.0894e-17
9209.175 1.5585e-17
9210.7 1.9002e-17
9212.225 1.5705e-17
9213.75 1.0782e-17
9215.275 1.4661e-17
9216.8 1.7376e-17
9218.325 1.7269e-17
9219.85 1.2507e-17
9221.375 7.8649e-18
9222.9 9.2599e-18
9224.425 1.729e-17
9225.95 1.8546e-17
9227.475 1.3569e-17
9229.0 1.442e-17
9230.525 1.4635e-17
9232.05 1.1001e-17
9233.575 1.0097e-17
9235.1 1.3543e-17
9236.625 1.7696e-17
9238.15 1.6288e-17
9239.675 1.2854e-17
9241.2 1.3423e-17
9242.725 1.5137e-17
9244.25 1.505e-17
9245.775 1.1994e-17
9247.3 1.2815e-17
9248.825 8.7126e-18
9250.35 7.7256e-18
9251.875 1.2398e-17
9253.4 1.3821e-17
9254.925 1.344e-17
9256.45 1.2959e-17
9257.975 1.3694e-17
9259.5 1.5437e-17
9261.025 1.5424e-17
9262.55 1.4956e-17
9264.075 1.6299e-17
9265.6 1.6542e-17
9267.125 1.7327e-17
9268.65 1.5504e-17
9270.175 1.1918e-17
9271.7 1.1026e-17
9273.225 9.7295e-18
9274.75 1.243e-17
9276.275 1.4789e-17
9277.8 9.946e-18
9279.325 8.9083e-18
9280.85 1.5773e-17
9282.375 2.1929e-17
9283.9 2.0858e-17
9285.425 1.2629e-17
9286.95 1.0317e-17
9288.475 1.4134e-17
9290.0 1.2495e-17
9291.525 1.4445e-17
9293.05 2.0775e-17
9294.575 1.7655e-17
9296.1 8.6896e-18
9297.625 9.6489e-19
9299.15 9.5992e-18
9300.675 3.4593e-17
9302.2 3.9769e-17
9303.725 1.499e-17
9305.25 9.9854e-18
9306.775 5.4585e-17
9308.3 8.1251e-17
9309.825 3.1749e-17
9311.35 1.2615e-17
9312.875 1.5182e-17
9314.4 7.817e-20
9315.925 -2.4329e-17
9317.45 -3.507e-18
9318.975 2.095e-17
9320.5 1.4699e-17
9322.025 2.8528e-17
9323.55 3.5452e-17
9325.075 1.0519e-17
9326.6 -1.0592e-17
9328.125 2.1754e-18
9329.65 4.7749e-18
9331.175 6.0235e-18
9332.7 1.247e-17
9334.225 1.4591e-17
9335.75 1.9358e-17
9337.275 1.1094e-17
9338.8 5.7499e-18
9340.325 5.0865e-18
9341.85 4.5636e-18
9343.375 9.1949e-18
9344.9 1.0893e-17
9346.425 1.3027e-17
9347.95 1.3822e-17
9349.475 1.303e-17
9351.0 8.4486e-18
9352.525 2.1109e-18
9354.05 3.8106e-18
9355.575 9.3602e-18
9357.1 1.2022e-17
9358.625 1.0361e-17
9360.15 7.3526e-18
9361.675 1.0085e-17
9363.2 8.8416e-18
9364.725 2.2555e-18
9366.25 -8.5802e-18
9367.775 -9.5752e-18
9369.3 4.4248e-17
9370.825 6.8712e-17
9372.35 3.5592e-17
9373.875 7.8117e-18
9375.4 -2.0209e-18
9376.925 7.8679e-17
9378.45 2.5952e-16
9379.975 7.3823e-17
9381.5 6.2282e-19
9383.025 1.6161e-17
9384.55 1.5343e-17
9386.075 6.2035e-18
9387.6 6.3141e-18
9389.125 9.2621e-18
9390.65 1.737e-17
9392.175 1.7706e-17
9393.7 7.425e-18
9395.225 3.7434e-18
9396.75 8.5023e-18
9398.275 1.2471e-17
9399.8 2.8473e-18
9401.325 -3.132e-18
9402.85 1.2141e-17
9404.375 9.0376e-18
9405.9 -6.4153e-18
9407.425 4.093e-18
9408.95 1.3841e-17
9410.475 1.3662e-17
9412.0 9.1837e-18
9413.525 2.4901e-17
9415.05 3.6166e-17
9416.575 2.5764e-17
9418.1 2.8628e-17
9419.625 3.0788e-17
9421.15 9.2391e-18
9422.675 -1.0157e-18
9424.2 -1.7585e-18
9425.725 4.4173e-18
9427.25 6.3875e-18
9428.775 5.3681e-18
9430.3 -7.6457e-19
9431.825 -8.2139e-18
9433.35 8.974e-18
9434.875 4.6041e-17
9436.4 3.7524e-17
9437.925 2.9904e-18
9439.45 6.8597e-18
9440.975 8.7508e-18
9442.5 -1.1053e-17
9444.025 -2.5847e-19
9445.55 1.0637e-17
9447.075 7.0909e-18
9448.6 4.9232e-18
9450.125 -1.3608e-18
9451.65 1.2003e-17
9453.175 3.6051e-17
9454.7 1.5067e-17
9456.225 -9.7282e-18
9457.75 -6.443e-18
9459.275 9.913e-18
9460.8 6.9096e-18
9462.325 -4.4747e-18
9463.85 3.2071e-18
9465.375 9.8458e-18
9466.9 4.2805e-18
9468.425 -2.1892e-18
9469.95 1.04e-17
9471.475 3.4503e-17
9473.0 1.8431e-17
9474.525 2.702e-18
9476.05 1.369e-17
9477.575 1.1772e-17
9479.1 -9.6591e-18
9480.625 -2.1095e-17
9482.15 -3.2039e-18
9483.675 1.5538e-17
9485.2 1.5812e-17
9486.725 1.0592e-17
9488.25 1.0762e-17
9489.775 7.2747e-18
9491.3 3.335e-18
9492.825 -1.0527e-18
9494.35 -6.1558e-18
9495.875 9.3402e-18
9497.4 1.7896e-17
9498.925 6.5126e-18
9500.45 8.2551e-18
9501.975 8.8469e-18
9503.5 1.3347e-18
9505.025 -7.939e-18
9506.55 -4.1944e-18
9508.075 8.2422e-18
9509.6 5.4732e-18
9511.125 5.1963e-18
9512.65 1.7624e-17
9514.175 2.3009e-17
9515.7 2.8723e-17
9517.225 2.7362e-17
9518.75 4.9966e-18
9520.275 -4.4273e-18
9521.8 -4.4478e-18
9523.325 -6.0682e-18
9524.85 3.6665e-18
9526.375 6.231e-18
9527.9 5.3629e-18
9529.425 5.8377e-18
9530.95 7.6442e-18
9532.475 5.8587e-18
9534.0 1.2806e-17
9535.525 1.5795e-17
9537.05 6.412e-18
9538.575 6.4887e-18
9540.1 7.7665e-18
9541.625 7.398e-18
9543.15 4.88e-18
9544.675 3.3412e-18
9546.2 1.8147e-17
9547.725 3.3564e-17
9549.25 2.4037e-17
9550.775 1.0588e-17
9552.3 1.1065e-17
9553.825 1.1502e-17
9555.35 5.5878e-19
9556.875 2.7098e-18
9558.4 -3.2154e-18
9559.925 -4.4091e-18
9561.45 3.2466e-17
9562.975 4.1292e-17
9564.5 1.9303e-17
9566.025 1.3172e-17
9567.55 1.6347e-17
9569.075 1.2954e-17
9570.6 1.5378e-18
9572.125 1.2951e-19
9573.65 4.0668e-18
9575.175 3.2503e-18
9576.7 3.3185e-18
9578.225 4.3929e-18
9579.75 4.1851e-18
9581.275 4.9679e-18
9582.8 7.1446e-18
9584.325 9.6416e-18
9585.85 7.7952e-18
9587.375 1.9118e-18
9588.9 4.9117e-19
9590.425 5.1451e-18
9591.95 4.9169e-18
9593.475 3.3777e-18
9595.0 6.7106e-18
9596.525 6.5501e-18
9598.05 6.8375e-18
9599.575 6.8357e-18
9601.1 1.0487e-17
9602.625 1.7971e-17
9604.15 1.3682e-17
9605.675 1.3501e-17
9607.2 2.6139e-17
9608.725 2.103e-17
9610.25 5.0837e-18
9611.775 -1.9715e-18
9613.3 2.9594e-19
9614.825 1.4524e-17
9616.35 2.6713e-17
9617.875 1.4789e-17
9619.4 6.1593e-18
9620.925 5.2959e-18
9622.45 -1.5472e-18
9623.975 -7.6639e-20
9625.5 1.0433e-17
9627.025 1.3426e-17
9628.55 6.5548e-18
9630.075 1.0018e-18
9631.6 9.3892e-18
9633.125 1.3477e-17
9634.65 1.1186e-17
9636.175 5.233e-18
9637.7 2.4109e-18
9639.225 4.2316e-18
9640.75 2.6012e-18
9642.275 3.7489e-18
9643.8 5.7466e-18
9645.325 1.011e-17
9646.85 1.2617e-17
9648.375 8.4132e-18
9649.9 3.489e-18
9651.425 3.5964e-18
9652.95 7.2734e-18
9654.475 1.1909e-17
9656.0 1.0896e-17
9657.525 9.6613e-18
9659.05 9.564e-18
9660.575 9.2771e-18
9662.1 1.0972e-17
9663.625 8.385e-18
9665.15 2.3512e-18
9666.675 3.7692e-18
9668.2 1.0885e-17
9669.725 1.2968e-17
9671.25 1.375e-17
9672.775 6.0285e-18
9674.3 1.3324e-17
9675.825 2.2464e-17
9677.35 1.8989e-17
9678.875 9.3353e-18
9680.4 3.1702e-18
9681.925 1.4207e-17
9683.45 8.7787e-18
9684.975 -2.754e-18
9686.5 7.22e-18
9688.025 1.8651e-17
9689.55 1.2222e-17
9691.075 -2.3829e-20
9692.6 4.1125e-19
9694.125 1.5188e-17
9695.65 2.0784e-17
9697.175 1.6191e-17
9698.7 1.5603e-17
9700.225 1.3036e-17
9701.75 2.2021e-18
9703.275 -3.7077e-18
9704.8 1.3568e-17
9706.325 2.5233e-17
9707.85 1.5805e-17
9709.375 7.6269e-18
9710.9 1.3601e-18
9712.425 -3.1944e-18
9713.95 9.2104e-18
9715.475 1.7757e-17
9717.0 1.1796e-17
9718.525 1.3536e-17
9720.05 1.8898e-17
9721.575 2.6339e-17
9723.1 6.8484e-17
9724.625 8.2344e-17
9726.15 3.881e-17
9727.675 2.0103e-17
9729.2 1.8438e-17
9730.725 1.0714e-17
9732.25 1.5983e-17
9733.775 3.0721e-17
9735.3 1.9107e-17
9736.825 8.8062e-19
9738.35 1.0135e-17
9739.875 2.52e-17
9741.4 1.128e-17
9742.925 7.7191e-19
9744.45 4.8408e-18
9745.975 6.1057e-18
9747.5 1.6595e-17
9749.025 1.8055e-17
9750.55 7.2647e-18
9752.075 6.5581e-18
9753.6 1.2983e-17
9755.125 1.2043e-17
9756.65 5.9978e-18
9758.175 6.3928e-18
9759.7 7.8587e-18
9761.225 6.7011e-18
9762.75 7.3109e-18
9764.275 8.5907e-18
9765.8 6.1696e-18
9767.325 1.8694e-18
9768.85 2.0387e-18
9770.375 4.2123e-18
9771.9 2.5937e-18
9773.425 7.1748e-18
9774.95 1.8339e-17
9776.475 1.3322e-17
9778.0 7.4097e-19
9779.525 5.7736e-18
9781.05 1.4174e-17
9782.575 9.338e-18
9784.1 1.0863e-17
9785.625 3.3599e-17
9787.15 -2.2113e-18
9788.675 -3.7919e-17
9790.2 -1.0467e-18
9791.725 2.6833e-17
9793.25 7.7206e-18
9794.775 -1.4303e-17
9796.3 -6.9396e-18
9797.825 8.2287e-18
9799.35 7.4914e-18
9800.875 8.8524e-18
9802.4 1.0808e-18
9803.925 -8.4761e-18
9805.45 7.8989e-18
9806.975 1.5932e-17
9808.5 2.5515e-18
9810.025 5.8288e-18
9811.55 1.6257e-17
9813.075 9.696e-18
9814.6 6.1316e-18
9816.125 9.3495e-18
9817.65 9.2344e-18
9819.175 7.793e-18
9820.7 4.3786e-18
9822.225 5.5436e-18
9823.75 1.2217e-17
9825.275 2.1759e-17
9826.8 2.5332e-17
9828.325 1.2077e-17
9829.85 2.8349e-18
9831.375 2.279e-18
9832.9 8.5433e-18
9834.425 1.2443e-17
9835.95 1.3848e-17
9837.475 9.106e-18
9839.0 -3.6356e-19
9840.525 6.5111e-18
9842.05 2.3154e-17
9843.575 3.0518e-17
9845.1 2.2621e-17
9846.625 2.6244e-17
9848.15 1.6662e-17
9849.675 1.313e-17
9851.2 1.0817e-17
9852.725 -2.2563e-18
9854.25 -2.1964e-18
9855.775 7.8155e-18
9857.3 5.3629e-18
9858.825 3.704e-18
9860.35 7.3241e-18
9861.875 5.2972e-18
9863.4 -3.2948e-18
9864.925 -6.2013e-18
9866.45 2.6501e-17
9867.975 3.3684e-17
9869.5 1.651e-17
9871.025 2.7507e-17
9872.55 2.9639e-17
9874.075 -1.5295e-18
9875.6 -2.9015e-17
9877.125 -1.7215e-17
9878.65 1.0788e-18
9880.175 1.712e-17
9881.7 1.9616e-17
9883.225 2.6284e-18
9884.75 -4.7854e-18
9886.275 -6.1176e-19
9887.8 8.5258e-18
9889.325 1.7922e-17
9890.85 1.8481e-17
9892.375 2.3675e-17
9893.9 3.8925e-17
9895.425 3.2598e-17
9896.95 1.974e-17
9898.475 1.6626e-18
9900.0 -6.7503e-18
9901.525 -5.1174e-18
9903.05 9.5522e-19
9904.575 1.1948e-18
9906.1 -6.1316e-18
9907.625 3.8186e-18
9909.15 5.0505e-17
9910.675 6.3129e-17
9912.2 3.4548e-17
9913.725 2.4134e-17
9915.25 2.9971e-17
9916.775 1.0959e-17
9918.3 -2.6231e-17
9919.825 -2.0304e-17
9921.35 4.3229e-18
9922.875 1.298e-17
9924.4 1.7175e-17
9925.925 1.571e-17
9927.45 1.061e-17
9928.975 5.6894e-18
9930.5 1.0914e-17
9932.025 1.3329e-17
9933.55 9.6918e-20
9935.075 -5.44e-18
9936.6 7.6986e-18
9938.125 1.5102e-17
9939.65 3.2054e-17
9941.175 5.2345e-17
9942.7 4.1227e-17
9944.225 2.8466e-18
9945.75 -1.7477e-17
9947.275 -1.0963e-17
9948.8 -1.5175e-17
9950.325 3.6873e-18
9951.85 3.2428e-17
9953.375 2.4624e-18
9954.9 1.33e-17
9956.425 4.5137e-17
9957.95 4.6006e-17
9959.475 9.1787e-18
9961.0 -3.6039e-17
9962.525 -2.5577e-18
9964.05 1.033e-17
9965.575 -6.402e-18
9967.1 1.0356e-17
9968.625 8.8302e-18
9970.15 -1.4602e-18
9971.675 8.3218e-18
9973.2 2.2006e-17
9974.725 2.4009e-17
9976.25 7.4819e-18
9977.775 6.809e-18
9979.3 1.2479e-17
9980.825 7.7261e-18
9982.35 1.669e-18
9983.875 -1.6611e-19
9985.4 1.4912e-17
9986.925 1.6227e-17
9988.45 6.3548e-18
9989.975 2.0798e-18
9991.5 9.8166e-18
9993.025 1.7172e-17
9994.55 1.4088e-17
9996.075 -1.349e-18
9997.6 -1.375e-17
9999.125 2.116e-18
10000.65 1.2573e-17
