# DICHROIC = D55
# HA = -04:21:46.9
# ANGLE = 27 deg 17 min
# OBSERVER = Lin Yan  Kevin Burdge
# OBSLST = 08:23:01.2
# CDELT1 = 1.53482477566
# OBJECT = ZTF18aazgrfl
# CASSPA = -90.00
# PARALLAC = 271.64
# HOURANG = E04:21:46.9
# CCDTEMP = 161.69
# LAMPS = 0000000
# RA = 12:43:59.11
# GRATING = 600/4000
# APERTURE = 2.0
# TELFOCUS = 44.10 mm
# AIRMASS = 1.537
# DEC = +56:01:52.2
# CRVAL1 = 3300.0
# UTSHUT = 2018-12-13T10:42:11.896
# EXPTIME = 1800
3300.0 1.3048e-17
3301.535 1.7629e-17
3303.07 6.8843e-19
3304.604 3.8963e-18
3306.139 1.1011e-17
3307.674 -8.2649e-18
3309.209 1.2944e-18
3310.744 -2.3884e-18
3312.279 1.3081e-18
3313.813 -5.1174e-19
3315.348 5.79e-18
3316.883 1.3984e-17
3318.418 9.0167e-18
3319.953 -3.885e-19
3321.488 2.2413e-18
3323.022 -4.1954e-18
3324.557 2.8842e-18
3326.092 1.6547e-17
3327.627 1.0492e-17
3329.162 4.4252e-19
3330.697 1.6531e-18
3332.231 2.0539e-18
3333.766 -3.9852e-18
3335.301 -8.8042e-18
3336.836 -2.1806e-18
3338.371 6.3203e-18
3339.906 5.4051e-18
3341.44 9.3202e-18
3342.975 3.0254e-18
3344.51 4.1299e-18
3346.045 -1.5927e-18
3347.58 2.9318e-19
3349.115 4.0021e-18
3350.649 1.5379e-17
3352.184 1.2349e-17
3353.719 -1.1285e-17
3355.254 7.6378e-18
3356.789 -1.6743e-18
3358.323 -3.8754e-18
3359.858 -7.4859e-18
3361.393 -3.5461e-18
3362.928 8.4712e-18
3364.463 -2.5051e-19
3365.998 8.1025e-18
3367.532 1.406e-17
3369.067 -7.7134e-19
3370.602 -4.484e-18
3372.137 2.12e-19
3373.672 -2.5738e-18
3375.206 -5.6203e-18
3376.741 -4.9015e-18
3378.276 -5.1442e-18
3379.811 4.5026e-18
3381.346 1.2037e-18
3382.881 3.1203e-18
3384.415 -2.9136e-18
3385.95 -9.0966e-18
3387.485 1.6338e-18
3389.02 4.8581e-18
3390.555 9.0753e-18
3392.09 -4.0652e-18
3393.624 -1.2129e-18
3395.159 7.284e-18
3396.694 7.8979e-18
3398.229 -1.7325e-18
3399.764 -3.0387e-18
3401.298 2.5936e-18
3402.833 5.7384e-18
3404.368 1.0297e-17
3405.903 9.46e-18
3407.438 1.0924e-18
3408.973 -7.8121e-18
3410.507 -8.0204e-19
3412.042 -2.5637e-18
3413.577 2.1011e-18
3415.112 5.0623e-18
3416.647 -6.6358e-18
3418.181 2.7173e-19
3419.716 2.5205e-18
3421.251 -7.9564e-19
3422.786 -1.2381e-18
3424.321 8.9953e-18
3425.856 6.1713e-18
3427.39 -4.5772e-18
3428.925 -9.2839e-18
3430.46 2.9081e-18
3431.995 3.3623e-18
3433.53 -7.6324e-18
3435.065 -9.6742e-18
3436.599 -6.1465e-18
3438.134 3.196e-18
3439.669 7.9618e-19
3441.204 2.557e-18
3442.739 3.7451e-18
3444.273 -3.3112e-18
3445.808 -2.3605e-19
3447.343 1.5006e-18
3448.878 -3.2519e-18
3450.413 3.0586e-18
3451.948 2.5153e-18
3453.482 5.8449e-18
3455.017 4.8594e-18
3456.552 6.8636e-18
3458.087 3.6508e-18
3459.622 2.5856e-18
3461.156 -1.5579e-18
3462.691 2.1229e-18
3464.226 8.1023e-18
3465.761 4.985e-18
3467.296 -6.1087e-19
3468.831 2.163e-18
3470.365 2.4052e-18
3471.9 3.3034e-18
3473.435 3.8818e-18
3474.97 7.3381e-18
3476.505 -1.2723e-18
3478.04 6.3324e-18
3479.574 2.2307e-18
3481.109 -6.0119e-19
3482.644 3.1673e-18
3484.179 -7.6317e-18
3485.714 -6.7034e-18
3487.249 -1.9437e-18
3488.783 2.2891e-18
3490.318 1.6118e-18
3491.853 3.9651e-18
3493.388 1.3274e-18
3494.923 3.1292e-18
3496.458 6.4759e-18
3497.992 3.5708e-18
3499.527 4.647e-18
3501.062 3.7026e-18
3502.597 4.0485e-18
3504.132 -8.484e-19
3505.667 2.0571e-18
3507.201 9.923e-19
3508.736 1.0779e-18
3510.271 -1.5904e-18
3511.806 3.6323e-18
3513.341 1.4332e-18
3514.875 3.067e-18
3516.41 6.5412e-18
3517.945 1.4926e-18
3519.48 -3.0212e-18
3521.015 -2.4341e-18
3522.55 2.113e-19
3524.084 9.8395e-19
3525.619 4.0459e-18
3527.154 2.5499e-18
3528.689 1.595e-19
3530.224 -1.3275e-19
3531.759 -6.9935e-19
3533.293 -4.9858e-18
3534.828 -2.2245e-18
3536.363 -8.3916e-19
3537.898 1.6214e-18
3539.433 -2.5437e-18
3540.968 1.0104e-18
3542.502 2.9195e-18
3544.037 3.3659e-18
3545.572 -3.1809e-18
3547.107 -2.3466e-18
3548.642 1.6099e-18
3550.177 5.2971e-18
3551.711 9.4853e-19
3553.246 1.0078e-18
3554.781 -2.0726e-18
3556.316 2.7702e-18
3557.851 5.872e-18
3559.385 -1.0121e-18
3560.92 3.9332e-18
3562.455 3.5505e-18
3563.99 4.2935e-18
3565.525 3.6994e-19
3567.06 -8.8523e-19
3568.594 2.0628e-19
3570.129 -1.3725e-18
3571.664 3.2889e-19
3573.199 3.6072e-18
3574.734 3.0949e-18
3576.269 2.8786e-18
3577.803 2.3081e-19
3579.338 2.7445e-18
3580.873 3.403e-18
3582.408 6.7365e-18
3583.943 7.559e-18
3585.477 8.9717e-19
3587.012 1.2445e-18
3588.547 2.3954e-18
3590.082 3.4003e-18
3591.617 2.5798e-18
3593.152 2.7771e-18
3594.686 1.5001e-18
3596.221 2.1015e-18
3597.756 1.2829e-18
3599.291 7.8523e-19
3600.826 2.258e-18
3602.361 3.0911e-18
3603.895 8.3061e-19
3605.43 3.2585e-20
3606.965 2.8842e-18
3608.5 -2.2711e-18
3610.035 1.5102e-18
3611.569 2.7437e-18
3613.104 3.2271e-20
3614.639 -6.229e-19
3616.174 3.1678e-20
3617.709 1.8331e-19
3619.244 -8.5217e-19
3620.778 2.0554e-18
3622.313 1.7703e-18
3623.848 1.0187e-18
3625.383 1.1559e-18
3626.918 3.7435e-18
3628.452 3.7728e-18
3629.987 -6.7827e-19
3631.522 -4.4277e-18
3633.057 -2.8371e-18
3634.592 1.4502e-18
3636.127 -1.2662e-18
3637.661 -2.3827e-18
3639.196 1.7611e-18
3640.731 1.4198e-18
3642.266 -6.6437e-19
3643.801 2.448e-19
3645.336 7.9981e-19
3646.87 1.3673e-18
3648.405 2.3603e-18
3649.94 -7.9964e-19
3651.475 6.1946e-18
3653.01 3.7719e-18
3654.544 1.5353e-18
3656.079 4.3019e-18
3657.614 3.3312e-18
3659.149 6.6455e-18
3660.684 6.2809e-18
3662.219 6.6988e-18
3663.753 1.9803e-18
3665.288 2.1461e-18
3666.823 2.4709e-18
3668.358 -7.1482e-19
3669.893 -7.2827e-19
3671.427 -1.5787e-18
3672.962 1.1066e-18
3674.497 1.2449e-18
3676.032 -2.7193e-19
3677.567 1.4686e-18
3679.102 7.6651e-19
3680.636 2.7152e-18
3682.171 3.2393e-18
3683.706 1.6268e-18
3685.241 1.2235e-18
3686.776 2.2954e-18
3688.311 1.2622e-18
3689.845 4.4781e-18
3691.38 8.021e-18
3692.915 4.9962e-18
3694.45 1.006e-18
3695.985 -2.7702e-18
3697.52 -2.03e-18
3699.054 -4.2878e-20
3700.589 -4.5069e-18
3702.124 -8.8549e-19
3703.659 1.2953e-18
3705.194 -1.9398e-18
3706.729 1.785e-18
3708.263 -8.1018e-19
3709.798 -2.4355e-18
3711.333 -3.8004e-18
3712.868 1.4777e-18
3714.403 1.8596e-18
3715.938 2.0275e-18
3717.472 -1.3958e-18
3719.007 2.9925e-18
3720.542 2.6617e-18
3722.077 1.503e-18
3723.612 -3.0532e-20
3725.146 2.79e-19
3726.681 2.985e-19
3728.216 -4.1664e-18
3729.751 -1.314e-18
3731.286 -2.119e-19
3732.821 -9.029e-19
3734.355 9.4931e-19
3735.89 6.0991e-19
3737.425 1.4754e-18
3738.96 6.5759e-19
3740.495 1.7539e-18
3742.03 8.0745e-19
3743.564 3.6614e-18
3745.099 4.3236e-18
3746.634 3.3068e-18
3748.169 3.9553e-18
3749.704 4.1007e-18
3751.239 9.5319e-19
3752.773 -7.2532e-19
3754.308 2.2042e-19
3755.843 -1.5534e-18
3757.378 1.462e-19
3758.913 7.3982e-19
3760.448 2.6145e-18
3761.982 6.9856e-19
3763.517 -7.3038e-19
3765.052 -3.3657e-19
3766.587 -2.1053e-19
3768.122 -1.6297e-18
3769.656 8.3111e-19
3771.191 9.7382e-19
3772.726 3.6703e-18
3774.261 3.2601e-18
3775.796 9.4088e-19
3777.331 1.3556e-18
3778.865 1.3893e-18
3780.4 -3.7502e-19
3781.935 4.0699e-19
3783.47 -5.7046e-19
3785.005 3.0444e-18
3786.54 2.3341e-18
3788.074 2.6011e-18
3789.609 5.2916e-19
3791.144 4.1899e-19
3792.679 -4.4895e-19
3794.214 -6.3174e-19
3795.748 1.2474e-18
3797.283 2.313e-18
3798.818 2.0511e-18
3800.353 8.2724e-19
3801.888 -5.4761e-19
3803.423 -2.3326e-18
3804.957 -7.7701e-19
3806.492 5.5077e-19
3808.027 2.303e-18
3809.562 4.0837e-19
3811.097 3.1966e-18
3812.632 1.6536e-18
3814.166 3.7518e-19
3815.701 1.6449e-18
3817.236 2.8768e-18
3818.771 2.7823e-19
3820.306 9.6155e-19
3821.84 -3.6317e-19
3823.375 2.504e-18
3824.91 7.2268e-19
3826.445 1.9523e-18
3827.98 5.7444e-18
3829.515 3.7866e-18
3831.049 3.3839e-19
3832.584 -1.5739e-18
3834.119 -2.2613e-18
3835.654 2.4601e-18
3837.189 2.7467e-18
3838.723 2.9029e-18
3840.258 1.6604e-18
3841.793 2.2087e-18
3843.328 2.0806e-18
3844.863 -8.3984e-19
3846.398 2.1756e-19
3847.932 5.7475e-19
3849.467 -9.7854e-19
3851.002 1.8916e-19
3852.537 2.3255e-18
3854.072 2.7119e-18
3855.607 -1.2216e-18
3857.141 -5.3429e-19
3858.676 -6.2531e-19
3860.211 2.8961e-20
3861.746 1.9785e-18
3863.281 2.8719e-18
3864.815 1.8403e-18
3866.35 1.1143e-19
3867.885 1.6431e-18
3869.42 2.8947e-18
3870.955 3.3917e-18
3872.49 -9.0261e-19
3874.024 9.6634e-19
3875.559 2.225e-18
3877.094 4.9685e-19
3878.629 2.8341e-19
3880.164 1.9079e-18
3881.698 1.8656e-18
3883.233 2.7936e-18
3884.768 7.6594e-19
3886.303 3.0204e-18
3887.838 3.1455e-19
3889.373 2.6499e-18
3890.907 3.3149e-18
3892.442 1.1721e-18
3893.977 4.2771e-19
3895.512 1.1469e-18
3897.047 2.8909e-18
3898.582 -3.4452e-20
3900.116 6.8037e-19
3901.651 3.3607e-18
3903.186 4.878e-18
3904.721 -1.4737e-18
3906.256 -1.0577e-18
3907.791 1.4256e-18
3909.325 4.0084e-18
3910.86 2.3674e-18
3912.395 1.6788e-18
3913.93 3.6488e-18
3915.465 3.6797e-18
3917.0 3.312e-18
3918.534 2.3048e-18
3920.069 2.7598e-18
3921.604 3.0272e-18
3923.139 9.1232e-19
3924.674 3.3626e-18
3926.208 2.6337e-18
3927.743 3.1278e-18
3929.278 4.3649e-18
3930.813 2.3381e-18
3932.348 2.5306e-18
3933.883 2.9814e-18
3935.417 1.0809e-18
3936.952 9.9344e-19
3938.487 3.3581e-18
3940.022 3.8927e-18
3941.557 3.9067e-18
3943.092 -7.6125e-19
3944.626 2.8768e-18
3946.161 6.2925e-19
3947.696 4.1048e-19
3949.231 4.4421e-18
3950.766 -1.7801e-19
3952.301 -2.9516e-18
3953.835 6.9206e-19
3955.37 1.1515e-18
3956.905 2.146e-18
3958.44 2.5076e-18
3959.975 4.0841e-18
3961.51 4.4458e-18
3963.044 2.5481e-18
3964.579 3.2388e-18
3966.114 3.4656e-18
3967.649 8.4355e-19
3969.184 -5.9054e-19
3970.719 7.7465e-19
3972.253 2.312e-18
3973.788 1.159e-18
3975.323 1.4957e-18
3976.858 2.0752e-18
3978.393 3.8313e-18
3979.927 2.2664e-18
3981.462 1.0557e-18
3982.997 1.7231e-18
3984.532 -5.2621e-19
3986.067 1.1846e-18
3987.602 1.2211e-18
3989.136 2.6843e-18
3990.671 3.4134e-18
3992.206 -3.2662e-19
3993.741 2.11e-18
3995.276 3.798e-18
3996.811 2.012e-18
3998.345 2.5591e-19
3999.88 2.2364e-18
4001.415 1.2415e-18
4002.95 1.5943e-18
4004.485 1.5201e-19
4006.019 1.354e-18
4007.554 -1.2241e-18
4009.089 2.3644e-18
4010.624 8.7402e-19
4012.159 2.6096e-18
4013.694 4.2774e-19
4015.228 2.06e-18
4016.763 3.4232e-18
4018.298 2.1473e-18
4019.833 3.7667e-18
4021.368 3.3558e-18
4022.903 1.9322e-18
4024.437 7.1937e-19
4025.972 2.45e-18
4027.507 3.1667e-18
4029.042 3.0202e-18
4030.577 2.9278e-18
4032.111 1.0071e-18
4033.646 3.2881e-18
4035.181 -5.9469e-19
4036.716 -1.0695e-18
4038.251 -7.903e-19
4039.786 9.101e-19
4041.32 2.906e-18
4042.855 6.1757e-19
4044.39 5.3547e-18
4045.925 4.0057e-18
4047.46 3.7197e-18
4048.994 2.6159e-18
4050.529 3.8688e-20
4052.064 1.2149e-18
4053.599 3.6275e-18
4055.134 1.9304e-18
4056.669 2.2734e-18
4058.203 4.1976e-18
4059.738 7.1555e-19
4061.273 8.9582e-19
4062.808 8.0939e-19
4064.343 1.14e-18
4065.877 9.6263e-19
4067.412 4.5361e-18
4068.947 3.9925e-18
4070.482 2.8829e-18
4072.017 1.5679e-18
4073.552 1.2059e-18
4075.086 4.1511e-18
4076.621 7.6735e-19
4078.156 -5.9357e-19
4079.691 -1.7819e-18
4081.226 7.0106e-19
4082.761 1.2274e-19
4084.295 -5.4103e-19
4085.83 -2.9467e-19
4087.365 4.8029e-19
4088.9 1.3334e-19
4090.435 3.6026e-18
4091.969 2.4271e-18
4093.504 2.9026e-18
4095.039 2.8956e-18
4096.574 1.7071e-18
4098.109 1.7059e-18
4099.644 1.9485e-18
4101.179 3.2646e-18
4102.713 5.94e-18
4104.248 5.6095e-18
4105.783 5.2011e-18
4107.318 1.322e-18
4108.853 3.9448e-18
4110.388 3.0189e-18
4111.922 1.4395e-18
4113.457 2.0411e-18
4114.992 2.1369e-18
4116.527 2.6269e-18
4118.062 1.0467e-18
4119.596 1.6156e-18
4121.131 2.1688e-18
4122.666 3.6168e-18
4124.201 3.6441e-18
4125.736 5.6088e-18
4127.271 3.8141e-18
4128.805 2.025e-18
4130.34 4.1951e-18
4131.875 2.1908e-18
4133.41 1.4052e-18
4134.945 9.4833e-19
4136.479 3.1906e-18
4138.014 5.4178e-18
4139.549 4.6061e-18
4141.084 3.3352e-18
4142.619 4.2043e-18
4144.154 1.5426e-18
4145.688 1.99e-18
4147.223 1.3492e-18
4148.758 -2.2929e-19
4150.293 2.1256e-18
4151.828 2.4461e-18
4153.363 6.7517e-19
4154.897 1.1089e-18
4156.432 3.3867e-18
4157.967 3.6286e-18
4159.502 2.0015e-18
4161.037 3.1532e-18
4162.571 4.2965e-18
4164.106 5.1319e-18
4165.641 5.2183e-18
4167.176 2.7621e-18
4168.711 4.1792e-18
4170.246 4.2517e-18
4171.78 1.3767e-18
4173.315 3.4347e-19
4174.85 4.2994e-18
4176.385 5.9278e-18
4177.92 5.087e-18
4179.455 1.9844e-18
4180.989 2.2147e-18
4182.524 5.8034e-18
4184.059 2.6354e-18
4185.594 1.4769e-18
4187.129 2.0783e-18
4188.664 4.7849e-18
4190.198 2.4384e-18
4191.733 2.2725e-18
4193.268 2.3123e-18
4194.803 4.7191e-18
4196.338 4.5781e-18
4197.873 1.7681e-18
4199.407 3.0719e-18
4200.942 4.927e-18
4202.477 3.1776e-18
4204.012 2.7259e-18
4205.546 3.5862e-18
4207.082 5.896e-18
4208.616 3.8735e-18
4210.151 2.1328e-18
4211.686 3.2172e-18
4213.221 2.6728e-18
4214.755 3.9383e-18
4216.291 1.9293e-18
4217.825 2.9096e-18
4219.36 2.2456e-18
4220.895 2.2118e-18
4222.43 5.0737e-18
4223.964 4.1324e-18
4225.5 3.2178e-18
4227.034 4.5936e-18
4228.569 5.6716e-18
4230.104 3.9003e-18
4231.639 5.9733e-18
4233.173 5.7145e-18
4234.708 2.9345e-18
4236.243 2.2475e-18
4237.778 5.4163e-18
4239.313 3.6715e-18
4240.848 4.8213e-18
4242.382 4.4472e-18
4243.917 5.9015e-18
4245.452 5.3025e-18
4246.987 4.4955e-18
4248.521 2.2529e-18
4250.057 3.413e-18
4251.591 5.6401e-18
4253.126 6.2994e-18
4254.661 5.4879e-18
4256.196 3.1871e-18
4257.73 4.3399e-18
4259.266 4.8522e-18
4260.8 3.6807e-18
4262.335 2.7181e-18
4263.87 3.2401e-18
4265.405 3.3772e-18
4266.939 4.7551e-18
4268.475 1.2427e-18
4270.009 2.6237e-18
4271.544 2.616e-18
4273.079 2.0435e-19
4274.614 2.9943e-18
4276.148 4.3944e-18
4277.684 4.7468e-18
4279.218 3.2714e-18
4280.753 4.6042e-19
4282.288 3.8391e-18
4283.823 8.0956e-18
4285.357 3.8967e-18
4286.892 2.7898e-18
4288.427 4.1694e-18
4289.962 5.9322e-18
4291.497 3.2456e-18
4293.032 3.5502e-18
4294.566 2.676e-18
4296.101 2.7619e-18
4297.636 1.9877e-18
4299.171 3.1193e-18
4300.706 2.6703e-18
4302.241 1.7652e-18
4303.775 1.2055e-19
4305.31 6.4488e-19
4306.845 4.0497e-18
4308.38 2.3962e-18
4309.915 2.2125e-18
4311.45 1.477e-18
4312.984 4.0428e-18
4314.519 2.9827e-18
4316.054 5.6733e-18
4317.589 6.6407e-18
4319.124 6.6035e-18
4320.659 6.1676e-18
4322.193 6.8202e-19
4323.728 7.3548e-19
4325.263 2.3225e-18
4326.798 1.4982e-18
4328.333 8.1842e-19
4329.867 3.671e-18
4331.402 4.4574e-18
4332.937 3.8104e-18
4334.472 3.812e-19
4336.007 3.629e-19
4337.542 1.3137e-18
4339.076 8.7478e-19
4340.611 3.2776e-18
4342.146 4.4426e-18
4343.681 1.0261e-18
4345.216 -8.5886e-19
4346.75 4.7733e-18
4348.285 2.9059e-18
4349.82 3.2996e-18
4351.355 3.6037e-18
4352.89 4.9451e-18
4354.425 -7.0199e-19
4355.959 -4.0121e-18
4357.494 3.3427e-19
4359.029 7.7433e-18
4360.564 9.9301e-18
4362.099 2.5791e-18
4363.634 2.0018e-18
4365.168 -7.0603e-20
4366.703 1.5324e-18
4368.238 4.4451e-18
4369.773 1.683e-18
4371.308 5.0213e-18
4372.842 2.264e-18
4374.377 2.4158e-18
4375.912 3.4223e-18
4377.447 2.9684e-18
4378.982 2.6332e-18
4380.517 1.8371e-18
4382.051 3.0653e-18
4383.586 1.3396e-18
4385.121 6.8532e-19
4386.656 -8.2736e-20
4388.191 1.312e-18
4389.726 1.2123e-18
4391.26 3.704e-19
4392.795 1.7065e-18
4394.33 5.0265e-18
4395.865 1.2872e-18
4397.4 3.7568e-18
4398.935 4.4996e-18
4400.469 5.314e-18
4402.004 5.0031e-18
4403.539 3.1712e-18
4405.074 2.0546e-18
4406.609 3.7078e-18
4408.144 5.3574e-18
4409.678 3.4145e-18
4411.213 5.0104e-18
4412.748 3.8418e-18
4414.283 1.5233e-18
4415.817 3.9492e-18
4417.353 4.7816e-18
4418.887 1.1026e-18
4420.422 5.5006e-18
4421.957 7.2951e-18
4423.492 8.2826e-18
4425.026 7.6517e-19
4426.562 2.0773e-18
4428.096 6.4943e-18
4429.631 3.001e-18
4431.166 2.6653e-18
4432.701 3.3609e-18
4434.235 6.1265e-18
4435.771 7.8532e-18
4437.305 2.3175e-18
4438.84 3.0188e-18
4440.375 2.794e-18
4441.91 1.7419e-18
4443.444 2.0347e-18
4444.979 1.0394e-18
4446.514 1.4319e-18
4448.049 2.5771e-18
4449.584 2.0904e-18
4451.119 5.7783e-18
4452.653 2.5981e-18
4454.188 6.3746e-18
4455.723 1.8217e-19
4457.258 2.989e-18
4458.792 4.8215e-18
4460.328 4.477e-18
4461.862 3.043e-18
4463.397 2.3424e-18
4464.932 3.8286e-18
4466.467 6.4742e-18
4468.001 3.0736e-18
4469.537 1.4596e-20
4471.071 1.0121e-18
4472.606 5.3311e-18
4474.141 3.4133e-18
4475.676 2.6706e-18
4477.21 3.624e-18
4478.746 4.1267e-18
4480.28 1.0827e-18
4481.815 2.0223e-18
4483.35 6.4744e-18
4484.885 4.2126e-18
4486.419 1.1634e-18
4487.955 3.4696e-18
4489.489 1.9055e-18
4491.024 2.6946e-18
4492.559 2.6957e-18
4494.094 8.7618e-18
4495.628 6.5785e-18
4497.163 1.1794e-18
4498.698 6.3536e-18
4500.233 5.0041e-18
4501.768 9.3315e-19
4503.303 3.1653e-18
4504.837 2.6745e-18
4506.372 4.3043e-18
4507.907 5.6859e-18
4509.442 5.0314e-18
4510.977 1.0064e-17
4512.512 8.6238e-18
4514.046 5.2375e-18
4515.581 3.0321e-18
4517.116 4.1632e-18
4518.651 7.3244e-18
4520.186 5.6608e-18
4521.721 2.6267e-18
4523.255 7.3706e-18
4524.79 6.2837e-18
4526.325 3.8451e-18
4527.86 3.6011e-18
4529.395 3.7526e-18
4530.93 2.3428e-18
4532.464 8.6419e-19
4533.999 6.0323e-18
4535.534 3.2129e-18
4537.069 2.2279e-18
4538.604 -5.4811e-20
4540.138 3.0764e-18
4541.673 4.6704e-18
4543.208 3.8655e-18
4544.743 3.9244e-18
4546.278 3.8201e-18
4547.812 2.2338e-18
4549.347 3.5824e-18
4550.882 3.5874e-18
4552.417 2.8127e-18
4553.952 2.4435e-18
4555.487 1.0935e-18
4557.021 6.3673e-18
4558.556 3.9585e-18
4560.091 4.3914e-18
4561.626 4.9826e-18
4563.161 6.2718e-18
4564.696 2.6902e-18
4566.23 2.7094e-18
4567.765 3.2647e-18
4569.3 3.2347e-18
4570.835 2.5577e-18
4572.37 5.2525e-18
4573.905 4.782e-18
4575.439 4.6633e-19
4576.974 2.9171e-18
4578.509 4.6573e-18
4580.044 5.0464e-18
4581.579 6.1185e-18
4583.113 2.6678e-18
4584.648 3.0729e-18
4586.183 4.7984e-18
4587.718 3.5103e-18
4589.253 3.9318e-18
4590.788 3.426e-18
4592.322 1.7925e-18
4593.857 5.5082e-18
4595.392 7.5211e-18
4596.927 4.0242e-18
4598.462 2.581e-18
4599.997 4.3015e-18
4601.531 2.6659e-18
4603.066 4.7131e-18
4604.601 6.3534e-18
4606.136 1.7139e-18
4607.671 4.9918e-18
4609.206 2.7937e-18
4610.74 6.3438e-18
4612.275 7.1124e-18
4613.81 6.6398e-18
4615.345 5.5655e-18
4616.88 5.9651e-18
4618.415 4.5894e-18
4619.949 4.4878e-18
4621.484 5.6657e-18
4623.019 3.8551e-18
4624.554 4.4886e-18
4626.088 5.3095e-18
4627.624 2.3449e-18
4629.158 4.0931e-18
4630.693 3.2742e-18
4632.228 2.0114e-18
4633.763 5.7363e-18
4635.297 7.2446e-18
4636.833 3.2278e-18
4638.367 5.5555e-18
4639.902 5.6955e-18
4641.437 4.7538e-18
4642.972 4.2331e-18
4644.506 1.4899e-18
4646.042 1.6196e-18
4647.576 4.6722e-18
4649.111 4.414e-18
4650.646 1.9691e-18
4652.181 4.8119e-18
4653.715 4.1505e-18
4655.25 6.4214e-18
4656.785 6.032e-18
4658.32 3.3415e-18
4659.855 5.3754e-18
4661.39 5.113e-18
4662.924 2.2981e-18
4664.459 5.6121e-18
4665.994 6.8731e-18
4667.529 1.774e-18
4669.063 3.0907e-18
4670.599 4.0734e-18
4672.133 6.6846e-18
4673.668 7.074e-18
4675.203 4.0148e-18
4676.738 2.2162e-18
4678.272 1.2271e-18
4679.808 4.3936e-18
4681.342 4.4616e-18
4682.877 5.0584e-18
4684.412 3.1605e-18
4685.947 4.0903e-18
4687.481 4.4005e-18
4689.017 4.892e-18
4690.551 2.5209e-18
4692.086 2.1429e-18
4693.621 7.6773e-19
4695.156 3.6332e-18
4696.69 4.6528e-18
4698.226 2.9824e-18
4699.76 3.6361e-18
4701.295 2.7628e-18
4702.83 2.6851e-18
4704.365 3.8217e-18
4705.899 5.066e-18
4707.434 6.0232e-18
4708.969 2.2985e-18
4710.504 3.7456e-18
4712.039 4.7639e-18
4713.574 2.265e-18
4715.108 3.7769e-18
4716.643 7.1009e-18
4718.178 3.343e-18
4719.713 2.755e-18
4721.248 5.7044e-18
4722.783 4.24e-18
4724.317 1.5602e-18
4725.852 3.5413e-19
4727.387 2.0728e-18
4728.922 4.8263e-18
4730.457 6.1377e-18
4731.992 2.5494e-18
4733.526 4.4734e-18
4735.061 5.6204e-18
4736.596 2.4393e-18
4738.131 5.417e-18
4739.666 2.0908e-18
4741.201 4.6636e-18
4742.735 4.712e-18
4744.27 7.6019e-18
4745.805 1.9657e-18
4747.34 3.0764e-19
4748.875 2.568e-18
4750.409 4.1277e-18
4751.944 3.5265e-18
4753.479 1.404e-18
4755.014 3.7189e-18
4756.549 2.2825e-18
4758.083 5.559e-18
4759.618 5.369e-18
4761.153 4.8225e-18
4762.688 3.1518e-18
4764.223 4.3185e-19
4765.758 3.1019e-18
4767.292 4.8814e-18
4768.827 4.1122e-18
4770.362 5.7199e-18
4771.897 3.9391e-18
4773.432 3.8114e-18
4774.967 3.0039e-18
4776.501 8.4112e-19
4778.036 1.489e-18
4779.571 4.7726e-18
4781.106 4.0909e-18
4782.641 4.818e-18
4784.176 5.9972e-18
4785.71 4.001e-18
4787.245 3.6764e-18
4788.78 3.2673e-18
4790.315 4.6821e-18
4791.85 4.6296e-18
4793.384 3.5746e-18
4794.919 4.7986e-18
4796.454 2.8646e-18
4797.989 2.7764e-18
4799.524 4.4886e-18
4801.059 5.2936e-18
4802.593 4.1405e-18
4804.128 3.7384e-18
4805.663 4.786e-18
4807.198 5.8473e-18
4808.733 3.3286e-18
4810.268 4.5378e-18
4811.802 3.7905e-18
4813.337 2.8672e-18
4814.872 3.7761e-18
4816.407 5.0992e-18
4817.942 3.1713e-18
4819.477 2.8312e-18
4821.011 3.4791e-18
4822.546 4.7152e-18
4824.081 3.8054e-18
4825.616 7.5884e-18
4827.151 7.1363e-18
4828.686 4.764e-18
4830.22 3.5415e-18
4831.755 7.6385e-19
4833.29 3.7921e-18
4834.825 4.3489e-18
4836.359 3.6638e-18
4837.895 3.8301e-18
4839.429 6.3101e-18
4840.964 2.8314e-18
4842.499 4.6258e-18
4844.034 5.6199e-18
4845.568 5.0372e-18
4847.104 3.9515e-18
4848.638 4.9079e-18
4850.173 4.0332e-18
4851.708 2.8743e-18
4853.243 5.1714e-18
4854.777 5.6521e-18
4856.312 4.9495e-18
4857.847 3.0641e-18
4859.382 4.1507e-18
4860.917 5.0756e-18
4862.452 5.0736e-18
4863.986 6.3733e-18
4865.521 6.2697e-18
4867.056 4.6142e-18
4868.591 5.1636e-18
4870.126 5.1332e-18
4871.661 4.9523e-18
4873.195 3.4292e-18
4874.73 4.5126e-18
4876.265 3.2302e-18
4877.8 5.6786e-18
4879.334 3.4674e-18
4880.87 5.7954e-18
4882.404 4.0508e-18
4883.939 1.583e-18
4885.474 4.2444e-18
4887.009 4.215e-18
4888.543 4.2335e-18
4890.079 6.4453e-18
4891.613 4.5465e-18
4893.148 3.466e-18
4894.683 8.9886e-18
4896.218 3.4063e-18
4897.752 3.8366e-18
4899.288 4.7138e-18
4900.822 4.1861e-18
4902.357 4.1525e-18
4903.892 2.6098e-18
4905.427 3.2208e-18
4906.961 5.7172e-18
4908.497 4.108e-18
4910.031 6.0251e-18
4911.566 5.4011e-18
4913.101 4.2155e-18
4914.636 9.8669e-19
4916.17 2.8004e-18
4917.705 6.6232e-18
4919.24 1.2325e-18
4920.775 2.9483e-18
4922.31 4.5347e-18
4923.845 1.959e-18
4925.379 4.622e-18
4926.914 4.2111e-18
4928.449 4.6615e-18
4929.984 4.6537e-18
4931.519 6.5029e-18
4933.054 2.1704e-18
4934.588 3.6043e-18
4936.123 2.8584e-18
4937.658 4.906e-18
4939.193 4.4839e-18
4940.728 2.9234e-18
4942.263 2.7665e-18
4943.797 5.3036e-18
4945.332 3.2748e-18
4946.867 3.1578e-18
4948.402 3.8259e-18
4949.937 4.9466e-18
4951.472 4.127e-18
4953.006 4.017e-18
4954.541 2.6991e-18
4956.076 5.6395e-18
4957.611 4.966e-18
4959.146 3.0452e-18
4960.68 3.7367e-18
4962.215 6.146e-18
4963.75 4.7596e-18
4965.285 6.3049e-18
4966.82 2.0549e-18
4968.354 2.2334e-18
4969.889 4.8649e-18
4971.424 4.6707e-18
4972.959 4.2819e-18
4974.494 1.43e-18
4976.029 2.2786e-18
4977.563 4.2784e-18
4979.098 4.4958e-18
4980.633 7.5053e-19
4982.168 5.4026e-18
4983.703 3.3269e-18
4985.238 5.951e-18
4986.772 5.0287e-18
4988.307 2.6174e-18
4989.842 7.1386e-18
4991.377 4.8135e-18
4992.912 5.8911e-18
4994.447 5.5042e-18
4995.981 6.9656e-18
4997.516 5.2247e-18
4999.051 2.2132e-18
5000.586 2.7242e-18
5002.121 4.841e-18
5003.655 2.6605e-18
5005.19 3.8529e-18
5006.725 3.684e-18
5008.26 3.1979e-18
5009.795 3.76e-18
5011.33 4.1047e-18
5012.864 6.8918e-18
5014.399 5.9435e-18
5015.934 4.6239e-18
5017.469 4.2596e-18
5019.004 3.4407e-18
5020.539 6.9344e-18
5022.073 5.5993e-18
5023.608 4.302e-18
5025.143 7.998e-18
5026.678 2.5583e-18
5028.213 3.4459e-18
5029.748 6.2973e-18
5031.282 4.2431e-18
5032.817 4.441e-18
5034.352 3.7477e-18
5035.887 2.9842e-18
5037.422 6.4036e-18
5038.957 5.4074e-18
5040.491 1.6916e-18
5042.026 1.7285e-18
5043.561 3.7659e-18
5045.096 5.3141e-18
5046.63 4.4886e-18
5048.166 4.3732e-18
5049.7 4.493e-18
5051.235 4.1045e-18
5052.77 6.2059e-18
5054.305 4.5579e-18
5055.839 3.009e-18
5057.375 4.5153e-18
5058.909 3.8167e-18
5060.444 2.599e-18
5061.979 3.9185e-18
5063.514 5.6054e-18
5065.048 4.7097e-18
5066.583 6.3351e-18
5068.118 8.4482e-18
5069.653 6.0385e-18
5071.188 4.8072e-18
5072.723 4.8967e-18
5074.257 6.137e-18
5075.792 6.3165e-18
5077.327 4.7955e-18
5078.862 6.5709e-18
5080.397 5.6279e-18
5081.932 2.1851e-18
5083.466 5.8148e-18
5085.001 2.1405e-18
5086.536 7.9172e-18
5088.071 6.6883e-18
5089.605 5.9352e-18
5091.141 1.6654e-18
5092.675 3.2176e-18
5094.21 4.7084e-18
5095.745 4.1918e-18
5097.28 4.8153e-18
5098.814 5.1181e-18
5100.35 1.9714e-18
5101.884 3.4358e-18
5103.419 5.9993e-18
5104.954 3.2394e-18
5106.489 2.6772e-18
5108.023 7.2664e-18
5109.559 7.2875e-18
5111.093 8.9976e-18
5112.628 6.6807e-18
5114.163 4.5619e-18
5115.698 4.3252e-18
5117.232 2.1974e-18
5118.768 3.7421e-18
5120.302 6.4817e-18
5121.837 3.7879e-18
5123.372 7.1969e-18
5124.907 5.4029e-18
5126.441 6.221e-18
5127.976 7.1949e-18
5129.511 3.0336e-18
5131.046 3.6282e-18
5132.581 6.1152e-18
5134.116 3.9131e-18
5135.65 5.0431e-18
5137.185 4.3634e-18
5138.72 2.9773e-18
5140.255 5.467e-18
5141.79 8.8484e-18
5143.325 3.9776e-18
5144.859 4.7165e-18
5146.394 5.8495e-18
5147.929 6.0569e-18
5149.464 4.8734e-18
5150.999 2.9051e-18
5152.534 3.5744e-18
5154.068 6.2205e-19
5155.603 2.2506e-18
5157.138 6.7183e-18
5158.673 3.5339e-18
5160.208 3.8651e-18
5161.743 4.3526e-18
5163.277 3.028e-18
5164.812 3.5277e-18
5166.347 4.9852e-18
5167.882 2.4997e-18
5169.417 3.1575e-18
5170.951 2.269e-18
5172.486 3.7262e-18
5174.021 1.7997e-18
5175.556 4.1344e-18
5177.091 4.8578e-18
5178.625 6.9219e-18
5180.16 4.8508e-18
5181.695 5.0022e-18
5183.23 6.4229e-18
5184.765 5.7795e-18
5186.3 5.9059e-18
5187.834 5.9835e-18
5189.369 5.7715e-18
5190.904 3.5095e-18
5192.439 2.8136e-18
5193.974 4.8592e-18
5195.509 5.4483e-18
5197.043 6.3307e-18
5198.578 6.5746e-18
5200.113 3.0485e-18
5201.648 3.0904e-18
5203.183 4.5251e-18
5204.718 5.4315e-18
5206.252 4.904e-18
5207.787 4.2056e-18
5209.322 3.3667e-18
5210.857 6.2403e-18
5212.392 3.2941e-18
5213.926 5.9049e-18
5215.461 4.5296e-18
5216.996 1.6606e-18
5218.531 4.7243e-18
5220.066 1.6102e-18
5221.601 4.378e-18
5223.135 6.7951e-18
5224.67 5.4788e-18
5226.205 3.9564e-18
5227.74 2.9862e-18
5229.275 4.2712e-18
5230.81 6.1867e-18
5232.344 6.5321e-18
5233.879 4.1075e-18
5235.414 5.7674e-18
5236.949 7.5079e-18
5238.484 3.9009e-18
5240.019 3.7814e-18
5241.553 4.147e-18
5243.088 7.8737e-18
5244.623 6.172e-18
5246.158 5.3852e-18
5247.693 4.3079e-18
5249.228 2.0488e-18
5250.762 2.7998e-18
5252.297 4.0791e-18
5253.832 5.8379e-18
5255.367 3.3053e-18
5256.901 1.286e-18
5258.437 4.281e-18
5259.971 8.0754e-18
5261.506 2.4429e-18
5263.041 4.0705e-18
5264.576 2.9121e-18
5266.11 6.3245e-18
5267.646 6.4933e-18
5269.18 4.3423e-18
5270.715 1.7206e-18
5272.25 3.1515e-18
5273.785 5.9244e-18
5275.319 5.2394e-18
5276.854 3.0931e-18
5278.389 5.6957e-18
5279.924 6.8192e-18
5281.459 6.4735e-18
5282.994 6.0014e-18
5284.528 6.6613e-18
5286.063 4.1949e-18
5287.598 1.7054e-18
5289.133 5.1897e-18
5290.668 8.5735e-18
5292.203 5.5e-18
5293.737 3.5067e-18
5295.272 3.4042e-18
5296.807 3.1222e-18
5298.342 6.2087e-18
5299.876 4.8864e-18
5301.412 6.1589e-18
5302.946 6.0782e-18
5304.481 4.3377e-18
5306.016 6.0647e-18
5307.551 5.6537e-18
5309.085 6.5613e-18
5310.621 2.3912e-18
5312.155 6.1054e-18
5313.69 3.8752e-18
5315.225 2.0424e-18
5316.76 4.2434e-18
5318.294 8.1102e-18
5319.83 5.1501e-18
5321.364 3.5702e-18
5322.899 5.8399e-18
5324.434 5.3272e-18
5325.969 3.6755e-18
5327.503 3.1368e-18
5329.039 4.3623e-18
5330.573 7.0868e-18
5332.108 6.996e-18
5333.643 6.2791e-18
5335.178 4.0788e-18
5336.712 6.5017e-18
5338.247 3.1904e-18
5339.782 4.0956e-18
5341.317 4.8695e-18
5342.852 4.6089e-18
5344.387 5.7679e-18
5345.921 4.4688e-18
5347.456 6.4941e-18
5348.991 5.3365e-18
5350.526 4.9286e-18
5352.061 6.8708e-18
5353.596 8.0083e-18
5355.13 2.9644e-18
5356.665 8.9051e-18
5358.2 9.0328e-18
5359.735 6.7375e-18
5361.27 6.1454e-18
5362.805 4.785e-18
5364.339 4.4616e-18
5365.874 6.033e-18
5367.409 5.4343e-18
5368.944 -7.8763e-19
5370.479 5.2561e-18
5372.014 3.0462e-18
5373.548 3.4896e-18
5375.083 7.8002e-18
5376.618 7.3007e-18
5378.153 9.0895e-18
5379.688 8.4721e-18
5381.222 3.5315e-18
5382.757 5.1772e-18
5384.292 1.8243e-18
5385.827 1.9246e-18
5387.362 7.0239e-18
5388.896 5.2063e-18
5390.431 5.5193e-18
5391.966 6.2069e-18
5393.501 2.1125e-18
5395.036 5.7035e-18
5396.571 5.1394e-18
5398.105 6.08e-18
5399.64 5.0483e-18
5401.175 7.3588e-18
5402.71 -1.0253e-19
5404.245 5.5298e-18
5405.78 5.3122e-18
5407.314 3.4745e-18
5408.849 1.3903e-18
5410.384 4.3052e-18
5411.919 1.988e-18
5413.454 3.5692e-18
5414.989 2.1428e-18
5416.523 2.4525e-18
5418.058 4.315e-18
5419.593 -1.2522e-20
5421.128 3.2798e-18
5422.663 6.0092e-18
5424.197 6.7074e-18
5425.732 8.7051e-19
5427.267 1.0819e-18
5428.802 7.8194e-18
5430.337 8.6236e-18
5431.872 4.3542e-18
5433.406 2.7429e-18
5434.941 1.3268e-18
5436.476 5.2831e-18
5438.011 5.3103e-18
5439.546 1.4713e-18
5441.081 8.0698e-18
5442.615 8.0003e-18
5444.15 2.315e-18
5445.685 4.2637e-18
5447.22 5.3989e-18
5448.755 4.2469e-18
5450.29 4.1483e-18
5451.824 8.6453e-18
5453.359 7.4112e-18
5454.894 3.5783e-18
5456.429 4.5484e-18
5457.964 9.2064e-18
5459.499 6.3929e-18
5461.033 5.9214e-18
5462.568 4.137e-18
5464.103 7.7012e-18
5465.638 6.2099e-18
5467.172 3.6428e-18
5468.708 7.4205e-18
5470.242 1.0642e-17
5471.777 5.5198e-18
5473.312 6.4084e-18
5474.847 1.0511e-17
5476.381 8.5008e-18
5477.917 4.5926e-18
5479.451 1.0102e-17
5480.986 8.5281e-18
5482.521 8.9829e-18
5484.056 7.7722e-18
5485.59 1.4202e-18
5487.125 5.2654e-18
5488.66 4.718e-18
5490.195 6.209e-18
5491.73 1.0764e-17
5493.265 5.2495e-18
5494.799 4.0009e-18
5496.334 3.5513e-18
5497.869 5.406e-18
5499.404 7.0725e-18
5500.939 2.7583e-18
5502.474 6.2806e-18
5504.008 9.0627e-18
5505.543 4.0002e-18
5507.078 3.4627e-18
5508.613 7.1748e-18
5510.147 8.0033e-18
5511.683 3.8027e-18
5513.217 5.2086e-18
5514.752 8.5515e-18
5516.287 8.5571e-18
5517.822 9.2308e-18
5519.356 7.3333e-18
5520.892 8.7015e-18
5522.426 8.8529e-18
5523.961 7.8202e-18
5525.496 3.6314e-18
5527.031 7.2512e-18
5528.565 4.5265e-18
5530.101 6.123e-18
5531.635 8.0518e-18
5533.17 5.9774e-18
5534.705 5.3082e-18
5536.24 6.66e-18
5537.774 6.8765e-18
5539.31 7.7877e-18
5540.844 8.3131e-18
5542.379 5.8065e-18
5543.914 5.8212e-18
5545.449 8.8783e-18
5546.983 5.7581e-18
5548.518 5.3556e-18
5550.053 8.4918e-18
5551.588 1.1546e-17
5553.123 7.9042e-18
5554.658 8.5364e-18
5556.192 1.0088e-17
5557.727 1.0002e-17
5559.262 7.051e-18
5560.797 5.3586e-18
5562.332 9.8391e-18
5563.867 7.1862e-18
5565.401 4.253e-18
5566.936 5.9791e-18
5568.471 -9.7989e-19
5570.006 8.8137e-18
5571.541 1.8261e-17
5573.076 1.1955e-17
5574.61 1.4041e-17
5576.145 2.2611e-17
5577.68 1.4885e-17
5579.215 3.2621e-18
5580.75 -4.0159e-19
5582.285 2.1858e-18
5583.819 2.5185e-18
5585.354 8.9549e-18
5586.889 7.7826e-18
5588.424 5.767e-18
5589.958 4.9081e-18
5591.493 6.0705e-18
5593.028 9.1327e-18
5594.563 9.7197e-18
5596.098 9.017e-18
5597.633 6.9719e-18
5599.167 8.8044e-18
5600.702 7.9887e-18
5602.237 9.3344e-18
5603.772 7.7444e-18
5605.307 7.9682e-18
5606.842 4.5617e-18
5608.376 4.2624e-18
5609.911 6.7416e-18
5611.446 7.6924e-18
5612.981 7.4498e-18
5614.516 1.0102e-17
5616.051 7.3464e-18
5617.585 4.3901e-18
5619.12 6.6855e-18
5620.655 1.1344e-17
5622.19 1.0053e-17
5623.725 6.4154e-18
5625.26 5.7307e-18
5626.794 7.5106e-18
5628.329 1.0905e-17
5629.864 1.0952e-17
5631.399 7.5918e-18
5632.934 8.1331e-18
5634.468 8.9907e-18
5636.003 5.9505e-18
5637.538 5.785e-18
5639.073 9.7876e-18
5640.608 1.2948e-17
5642.143 9.0109e-18
5643.677 7.3383e-18
5645.212 8.6811e-18
5646.747 7.65e-18
5648.282 1.0121e-17
5649.817 1.1579e-17
5651.352 1.0028e-17
5652.886 8.8235e-18
5654.421 7.261e-18
5655.956 6.2739e-18
5657.491 4.9838e-18
5659.026 6.3264e-18
5660.561 8.6956e-18
5662.095 6.553e-18
5663.63 7.1382e-18
5665.165 1.2617e-17
5666.7 1.2965e-17
5668.235 1.1526e-17
5669.77 9.1011e-18
5671.304 6.5586e-18
5672.839 8.6478e-18
5674.374 1.0438e-17
5675.909 8.0606e-18
5677.443 4.0087e-18
5678.979 8.3236e-18
5680.513 8.6306e-18
5682.048 9.1879e-18
5683.583 1.5385e-17
5685.118 1.4414e-17
5686.652 9.9789e-18
5688.188 5.5371e-18
5689.722 6.7943e-18
5691.257 8.0369e-18
5692.792 9.1736e-18
5694.327 1.0607e-17
5695.861 8.6445e-18
5697.396 4.674e-18
5698.931 2.1035e-18
5700.466 6.8415e-18
5702.001 5.6213e-18
5703.536 7.4649e-18
5705.07 9.3043e-18
5706.605 6.1411e-18
5708.14 8.3306e-18
5709.675 9.6419e-18
5711.21 7.2737e-18
5712.745 9.0912e-18
5714.279 1.0723e-17
5715.814 1.2364e-17
5717.349 1.091e-17
5718.884 7.8242e-18
5720.418 7.6602e-18
5721.954 8.7588e-18
5723.488 9.2957e-18
5725.023 1.0263e-17
5726.558 8.2363e-18
5728.093 5.1522e-18
5729.627 6.8347e-18
5731.163 7.9518e-18
5732.697 5.0657e-18
5734.232 7.1932e-18
5735.767 1.0103e-17
5737.302 9.4629e-18
5738.836 8.625e-18
5740.372 9.8102e-18
5741.906 1.0124e-17
5743.441 8.3185e-18
5744.976 8.2465e-18
5746.511 8.0648e-18
5748.045 7.2435e-18
5749.581 7.5825e-18
5751.115 8.4749e-18
5752.65 7.4906e-18
5754.185 1.0045e-17
5755.72 1.1096e-17
5757.254 6.5568e-18
5758.789 5.6223e-18
5760.324 7.6174e-18
5761.859 9.948e-18
5763.394 9.6875e-18
5764.929 8.6792e-18
5766.463 9.1113e-18
5767.998 8.6728e-18
5769.533 1.0415e-17
5771.068 1.1382e-17
5772.603 8.7171e-18
5774.138 8.3408e-18
5775.672 8.59e-18
5777.207 6.2279e-18
5778.742 7.2713e-18
5780.277 1.0896e-17
5781.812 8.6058e-18
5783.347 6.8931e-18
5784.881 1.2034e-17
5786.416 1.2716e-17
5787.951 1.0397e-17
5789.486 1.2027e-17
5791.021 9.5345e-18
5792.556 7.0432e-18
5794.09 8.2248e-18
5795.625 7.2321e-18
5797.16 7.2565e-18
5798.695 8.2769e-18
5800.229 7.3474e-18
5801.764 6.5319e-18
5803.299 7.2417e-18
5804.834 7.6768e-18
5806.369 7.0852e-18
5807.904 6.5103e-18
5809.438 7.4788e-18
5810.973 9.2287e-18
5812.508 9.505e-18
5814.043 7.1085e-18
5815.578 5.523e-18
5817.113 5.6132e-18
5818.647 4.683e-18
5820.182 5.9467e-18
5821.717 6.7003e-18
5823.252 5.6123e-18
5824.787 6.2054e-18
5826.322 7.2185e-18
5827.856 8.3553e-18
5829.391 8.8806e-18
5830.926 8.5295e-18
5832.461 9.1691e-18
5833.996 1.1337e-17
5835.531 1.0072e-17
5837.065 7.4608e-18
5838.6 7.7575e-18
5840.135 7.1679e-18
5841.67 6.1525e-18
5843.205 8.5254e-18
5844.739 1.1386e-17
5846.274 1.0284e-17
5847.809 8.6501e-18
5849.344 9.3689e-18
5850.879 7.9488e-18
5852.414 8.9931e-18
5853.948 7.3464e-18
5855.483 6.96e-18
5857.018 8.8919e-18
5858.553 8.4573e-18
5860.088 7.7831e-18
5861.623 9.6666e-18
5863.157 9.4224e-18
5864.692 4.9813e-18
5866.227 2.2668e-18
5867.762 4.7485e-18
5869.297 9.6115e-18
5870.832 1.1038e-17
5872.366 7.6418e-18
5873.901 6.3121e-18
5875.436 1.1353e-17
5876.971 8.8737e-18
5878.506 2.2034e-18
5880.041 -2.0426e-18
5881.575 1.623e-18
5883.11 1.6159e-17
5884.645 2.2507e-17
5886.18 1.2504e-17
5887.714 1.0801e-17
5889.25 2.317e-17
5890.784 2.473e-17
5892.319 9.6352e-18
5893.854 3.566e-18
5895.389 1.4932e-17
5896.923 1.8554e-17
5898.458 6.5532e-18
5899.993 2.4358e-18
5901.528 6.1234e-18
5903.063 7.4548e-18
5904.598 6.1962e-18
5906.132 4.0161e-18
5907.667 4.7958e-18
5909.202 7.1825e-18
5910.737 7.8152e-18
5912.272 6.1767e-18
5913.807 5.6007e-18
5915.341 7.1743e-18
5916.876 6.8932e-18
5918.411 8.0647e-18
5919.946 1.2372e-17
5921.481 1.1497e-17
5923.016 6.9117e-18
5924.55 7.4122e-18
5926.085 7.049e-18
5927.62 8.1556e-18
5929.155 7.0973e-18
5930.689 7.7015e-18
5932.225 1.1883e-17
5933.759 8.4309e-18
5935.294 3.5004e-18
5936.829 6.6038e-18
5938.364 8.1868e-18
5939.898 9.5944e-18
5941.434 8.4572e-18
5942.968 5.2085e-18
5944.503 6.2035e-18
5946.038 7.3493e-18
5947.573 5.1808e-18
5949.107 8.1477e-18
5950.643 1.0499e-17
5952.177 1.1168e-17
5953.712 1.0888e-17
5955.247 8.3948e-18
5956.782 8.9873e-18
5958.316 8.1053e-18
5959.852 6.2356e-18
5961.386 7.4958e-18
5962.921 6.444e-18
5964.456 7.0615e-18
5965.991 1.0057e-17
5967.525 1.0622e-17
5969.06 9.0075e-18
5970.595 8.4077e-18
5972.13 9.5554e-18
5973.665 7.9537e-18
5975.2 9.0825e-18
5976.734 1.3696e-17
5978.269 1.2248e-17
5979.804 6.6663e-18
5981.339 5.7928e-18
5982.874 5.2753e-18
5984.409 5.9565e-18
5985.943 7.0731e-18
5987.478 8.0721e-18
5989.013 1.0423e-17
5990.548 9.0945e-18
5992.083 7.0586e-18
5993.618 5.9267e-18
5995.152 4.5884e-18
5996.687 5.6485e-18
5998.222 9.4602e-18
5999.757 1.0041e-17
6001.292 6.3874e-18
6002.827 4.188e-18
6004.361 5.0628e-18
6005.896 6.4932e-18
6007.431 6.9279e-18
6008.966 8.2261e-18
6010.5 8.9578e-18
6012.035 8.7754e-18
6013.57 7.184e-18
6015.105 4.5945e-18
6016.64 7.4275e-18
6018.175 1.2517e-17
6019.709 1.1004e-17
6021.244 7.3019e-18
6022.779 6.6076e-18
6024.314 5.7112e-18
6025.849 7.5817e-18
6027.384 1.1546e-17
6028.918 1.2331e-17
6030.453 1.1701e-17
6031.988 8.3876e-18
6033.523 7.1286e-18
6035.058 9.5364e-18
6036.593 1.1782e-17
6038.127 1.2198e-17
6039.662 9.1065e-18
6041.197 8.7361e-18
6042.732 8.7179e-18
6044.267 6.9315e-18
6045.802 9.0457e-18
6047.336 8.9801e-18
6048.871 2.5716e-18
6050.406 1.375e-18
6051.941 4.8584e-18
6053.476 7.0162e-18
6055.01 8.1417e-18
6056.545 7.2896e-18
6058.08 6.929e-18
6059.615 6.8365e-18
6061.15 5.9608e-18
6062.685 7.2095e-18
6064.219 5.9088e-18
6065.754 5.5087e-18
6067.289 6.7182e-18
6068.824 4.6474e-18
6070.359 4.7301e-18
6071.894 7.2376e-18
6073.428 6.7466e-18
6074.963 5.5714e-18
6076.498 5.3664e-18
6078.033 7.6517e-18
6079.568 8.6276e-18
6081.103 8.414e-18
6082.637 8.7237e-18
6084.172 7.5854e-18
6085.707 7.394e-18
6087.242 6.0609e-18
6088.777 4.3849e-18
6090.312 5.4001e-18
6091.846 7.3365e-18
6093.381 6.9556e-18
6094.916 4.2397e-18
6096.451 5.5067e-18
6097.985 8.4299e-18
6099.521 7.419e-18
6101.055 6.2336e-18
6102.59 7.0988e-18
6104.125 6.9214e-18
6105.66 6.5462e-18
6107.194 4.6594e-18
6108.729 7.5522e-18
6110.264 1.1409e-17
6111.799 9.2033e-18
6113.334 8.1036e-18
6114.869 9.121e-18
6116.403 9.814e-18
6117.938 8.0749e-18
6119.473 6.0714e-18
6121.008 6.7984e-18
6122.543 6.2177e-18
6124.078 4.643e-18
6125.612 7.6387e-18
6127.147 1.0085e-17
6128.682 7.2786e-18
6130.217 7.5698e-18
6131.752 7.86e-18
6133.287 7.4812e-18
6134.821 7.9826e-18
6136.356 8.4871e-18
6137.891 8.8915e-18
6139.426 7.7506e-18
6140.96 6.9714e-18
6142.496 7.6782e-18
6144.03 7.7764e-18
6145.565 8.5759e-18
6147.1 9.6267e-18
6148.635 9.5383e-18
6150.169 8.2541e-18
6151.705 7.6846e-18
6153.239 7.0255e-18
6154.774 8.0268e-18
6156.309 1.1055e-17
6157.844 9.6257e-18
6159.378 6.8888e-18
6160.914 6.5849e-18
6162.448 7.7701e-18
6163.983 8.0715e-18
6165.518 8.5777e-18
6167.053 9.6951e-18
6168.587 7.5482e-18
6170.123 6.8327e-18
6171.657 8.1813e-18
6173.192 6.964e-18
6174.727 6.8803e-18
6176.262 9.0875e-18
6177.796 1.0534e-17
6179.331 1.0519e-17
6180.866 9.0294e-18
6182.401 8.2856e-18
6183.936 1.0101e-17
6185.471 1.2073e-17
6187.005 1.1016e-17
6188.54 8.2401e-18
6190.075 7.4144e-18
6191.61 8.6555e-18
6193.145 1.0154e-17
6194.68 9.0638e-18
6196.214 9.1697e-18
6197.749 1.0124e-17
6199.284 9.2515e-18
6200.819 7.8546e-18
6202.354 6.4056e-18
6203.889 7.3293e-18
6205.423 6.6968e-18
6206.958 5.172e-18
6208.493 7.0858e-18
6210.028 7.8973e-18
6211.562 5.7696e-18
6213.098 7.0072e-18
6214.632 8.6118e-18
6216.167 6.4342e-18
6217.702 7.243e-18
6219.237 1.0224e-17
6220.771 8.6595e-18
6222.306 5.8597e-18
6223.841 5.3181e-18
6225.376 6.7009e-18
6226.911 7.5517e-18
6228.446 6.1157e-18
6229.98 7.3558e-18
6231.515 1.0181e-17
6233.05 9.8824e-18
6234.585 7.5089e-18
6236.12 6.9991e-18
6237.655 8.8786e-18
6239.189 9.1079e-18
6240.724 6.1583e-18
6242.259 5.2323e-18
6243.794 6.6848e-18
6245.329 8.7232e-18
6246.864 1.1143e-17
6248.398 9.0759e-18
6249.933 7.5426e-18
6251.468 8.5698e-18
6253.003 7.7713e-18
6254.538 7.355e-18
6256.073 7.6468e-18
6257.607 9.6562e-18
6259.142 9.5763e-18
6260.677 6.8213e-18
6262.212 4.7927e-18
6263.747 6.3244e-18
6265.281 7.5675e-18
6266.816 7.6158e-18
6268.351 7.9893e-18
6269.886 7.5235e-18
6271.421 5.5354e-18
6272.956 4.5753e-18
6274.49 5.8505e-18
6276.025 5.9415e-18
6277.56 4.9963e-18
6279.095 4.8359e-18
6280.63 6.1916e-18
6282.165 8.2831e-18
6283.699 8.4983e-18
6285.234 7.6818e-18
6286.769 7.046e-18
6288.304 6.1833e-18
6289.839 3.9134e-18
6291.374 4.2363e-19
6292.908 5.7172e-18
6294.443 1.3492e-17
6295.978 1.0178e-17
6297.513 8.774e-18
6299.048 1.5572e-17
6300.583 1.55e-17
6302.117 7.8971e-18
6303.652 2.1207e-18
6305.187 2.7765e-18
6306.722 6.7635e-18
6308.256 6.2537e-18
6309.792 6.2729e-18
6311.326 8.2169e-18
6312.861 5.3236e-18
6314.396 4.9826e-18
6315.931 8.327e-18
6317.465 8.1636e-18
6319.0 6.9512e-18
6320.535 7.0636e-18
6322.07 6.7298e-18
6323.605 6.4188e-18
6325.14 8.1538e-18
6326.674 8.6916e-18
6328.209 5.9002e-18
6329.744 6.9877e-18
6331.279 1.0276e-17
6332.814 1.0945e-17
6334.349 9.1417e-18
6335.883 7.4518e-18
6337.418 8.3165e-18
6338.953 8.5269e-18
6340.488 9.5126e-18
6342.023 9.0527e-18
6343.558 5.1807e-18
6345.092 5.5284e-18
6346.627 6.6055e-18
6348.162 6.4641e-18
6349.697 6.4568e-18
6351.231 3.5867e-18
6352.767 4.7464e-18
6354.301 6.2941e-18
6355.836 6.3903e-18
6357.371 7.6995e-18
6358.906 6.468e-18
6360.44 7.67e-18
6361.976 8.2376e-18
6363.51 8.1479e-18
6365.045 8.733e-18
6366.58 6.9455e-18
6368.115 4.5131e-18
6369.649 4.0939e-18
6371.185 6.695e-18
6372.719 9.3422e-18
6374.254 9.2855e-18
6375.789 7.5803e-18
6377.324 6.2097e-18
6378.858 8.4732e-18
6380.394 9.7084e-18
6381.928 7.6252e-18
6383.463 8.1511e-18
6384.998 9.7303e-18
6386.533 9.9661e-18
6388.067 1.047e-17
6389.602 8.7346e-18
6391.137 7.3726e-18
6392.672 8.3582e-18
6394.207 1.0683e-17
6395.742 1.0146e-17
6397.276 8.1203e-18
6398.811 7.2971e-18
6400.346 7.4338e-18
6401.881 9.3383e-18
6403.416 9.7731e-18
6404.951 8.4205e-18
6406.485 7.0072e-18
6408.02 6.0295e-18
6409.555 6.2475e-18
6411.09 6.7877e-18
6412.625 6.2044e-18
6414.16 7.2926e-18
6415.694 8.4697e-18
6417.229 1.0514e-17
6418.764 1.01e-17
6420.299 7.6228e-18
6421.833 8.8537e-18
6423.369 7.9472e-18
6424.903 7.1352e-18
6426.438 7.1743e-18
6427.973 6.4367e-18
6429.508 6.6696e-18
6431.042 8.0939e-18
6432.577 9.9575e-18
6434.112 7.8789e-18
6435.647 4.7555e-18
6437.182 6.7096e-18
6438.717 8.0437e-18
6440.251 8.4812e-18
6441.786 7.2338e-18
6443.321 7.9746e-18
6444.856 9.2387e-18
6446.391 9.5459e-18
6447.926 9.8786e-18
6449.46 8.5938e-18
6450.995 9.4166e-18
6452.53 7.7289e-18
6454.065 4.7852e-18
6455.6 7.9854e-18
6457.135 1.0835e-17
6458.669 9.8643e-18
6460.204 8.6443e-18
6461.739 9.3929e-18
6463.274 9.9356e-18
6464.809 1.0074e-17
6466.344 9.2927e-18
6467.878 7.2452e-18
6469.413 8.9443e-18
6470.948 1.1192e-17
6472.483 8.8166e-18
6474.018 6.7754e-18
6475.552 6.1934e-18
6477.087 8.0131e-18
6478.622 8.5216e-18
6480.157 7.277e-18
6481.692 8.5815e-18
6483.227 1.1105e-17
6484.761 9.8824e-18
6486.296 8.46e-18
6487.831 9.0403e-18
6489.366 7.4264e-18
6490.901 7.4609e-18
6492.436 7.3069e-18
6493.97 6.5699e-18
6495.505 7.2987e-18
6497.04 9.3427e-18
6498.575 1.0407e-17
6500.11 9.5421e-18
6501.645 9.4393e-18
6503.179 9.4147e-18
6504.714 9.6238e-18
6506.249 9.102e-18
6507.784 8.2748e-18
6509.319 8.2204e-18
6510.854 8.7721e-18
6512.388 1.1587e-17
6513.923 1.1468e-17
6515.458 9.7037e-18
6516.993 8.0748e-18
6518.527 6.6237e-18
6520.062 6.9219e-18
6521.597 8.5943e-18
6523.132 9.3771e-18
6524.667 9.8073e-18
6526.202 1.1503e-17
6527.736 1.1751e-17
6529.271 1.0667e-17
6530.806 9.6467e-18
6532.341 1.0187e-17
6533.876 1.0566e-17
6535.411 8.985e-18
6536.945 9.7845e-18
6538.48 9.9908e-18
6540.015 1.066e-17
6541.55 1.2033e-17
6543.085 1.0366e-17
6544.62 6.8049e-18
6546.154 7.0576e-18
6547.689 1.0096e-17
6549.224 1.0713e-17
6550.759 9.7256e-18
6552.293 9.8891e-18
6553.829 9.5088e-18
6555.363 8.8904e-18
6556.898 9.4165e-18
6558.433 9.4615e-18
6559.968 9.6856e-18
6561.502 1.0741e-17
6563.038 1.198e-17
6564.572 1.1845e-17
6566.107 1.1065e-17
6567.642 9.3103e-18
6569.177 9.4132e-18
6570.711 9.9052e-18
6572.247 1.1342e-17
6573.781 1.2283e-17
6575.316 9.8586e-18
6576.851 9.1434e-18
6578.386 8.7195e-18
6579.92 8.7279e-18
6581.456 8.4788e-18
6582.99 8.9826e-18
6584.525 1.0164e-17
6586.06 8.4028e-18
6587.595 7.9402e-18
6589.129 8.9932e-18
6590.665 9.5126e-18
6592.199 8.4963e-18
6593.734 8.3786e-18
6595.269 8.8394e-18
6596.804 9.6619e-18
6598.338 9.4459e-18
6599.873 9.3562e-18
6601.408 1.0959e-17
6602.943 1.0469e-17
6604.478 8.0369e-18
6606.013 7.2417e-18
6607.547 7.6761e-18
6609.082 9.6181e-18
6610.617 9.2747e-18
6612.152 7.201e-18
6613.687 6.3654e-18
6615.222 7.28e-18
6616.756 9.1285e-18
6618.291 1.1589e-17
6619.826 1.2369e-17
6621.361 1.0192e-17
6622.896 9.4212e-18
6624.431 9.4096e-18
6625.965 9.9604e-18
6627.5 9.6305e-18
6629.035 7.9983e-18
6630.57 8.1159e-18
6632.104 9.0497e-18
6633.64 1.0148e-17
6635.174 9.4912e-18
6636.709 9.2028e-18
6638.244 1.0287e-17
6639.779 9.9356e-18
6641.313 9.7208e-18
6642.848 1.0835e-17
6644.383 1.0839e-17
6645.918 7.7576e-18
6647.453 6.6751e-18
6648.988 6.6302e-18
6650.522 7.6441e-18
6652.057 8.7163e-18
6653.592 7.7285e-18
6655.127 7.2734e-18
6656.662 7.9541e-18
6658.197 8.3014e-18
6659.731 8.6013e-18
6661.266 9.3465e-18
6662.801 1.0231e-17
6664.336 9.8282e-18
6665.871 7.8684e-18
6667.406 7.8058e-18
6668.94 8.6937e-18
6670.475 9.8045e-18
6672.01 9.0979e-18
6673.545 6.9696e-18
6675.08 7.8414e-18
6676.615 8.0134e-18
6678.149 6.6708e-18
6679.684 8.7031e-18
6681.219 9.6172e-18
6682.754 7.45e-18
6684.289 5.64e-18
6685.823 5.6526e-18
6687.358 6.8202e-18
6688.893 8.2718e-18
6690.428 8.715e-18
6691.963 7.77e-18
6693.498 6.9087e-18
6695.032 6.3193e-18
6696.567 7.4843e-18
6698.102 9.6961e-18
6699.637 8.1501e-18
6701.172 6.9307e-18
6702.707 6.6849e-18
6704.241 7.6065e-18
6705.776 9.1294e-18
6707.311 8.318e-18
6708.846 7.6506e-18
6710.381 7.4816e-18
6711.916 6.1102e-18
6713.45 7.4484e-18
6714.985 8.4567e-18
6716.52 8.0096e-18
6718.055 7.4136e-18
6719.59 7.6799e-18
6721.125 8.6612e-18
6722.659 7.4495e-18
6724.194 5.5697e-18
6725.729 8.1158e-18
6727.264 1.0477e-17
6728.798 7.4973e-18
6730.333 6.9902e-18
6731.868 8.9745e-18
6733.403 8.9953e-18
6734.938 7.504e-18
6736.473 8.1525e-18
6738.007 9.2052e-18
6739.542 7.8345e-18
6741.077 6.8757e-18
6742.612 6.7687e-18
6744.147 5.8165e-18
6745.682 6.3476e-18
6747.216 7.8344e-18
6748.751 8.5786e-18
6750.286 8.4404e-18
6751.821 7.9908e-18
6753.356 6.9549e-18
6754.891 8.012e-18
6756.425 8.0825e-18
6757.96 7.4557e-18
6759.495 8.6731e-18
6761.03 8.7297e-18
6762.564 6.7115e-18
6764.1 5.7358e-18
6765.634 6.3208e-18
6767.169 7.7951e-18
6768.704 8.561e-18
6770.239 8.0287e-18
6771.773 7.0515e-18
6773.309 4.1356e-18
6774.843 6.2105e-18
6776.378 8.904e-18
6777.913 8.4852e-18
6779.448 8.1431e-18
6780.982 7.7072e-18
6782.518 5.9256e-18
6784.052 6.3544e-18
6785.587 6.9054e-18
6787.122 6.4748e-18
6788.657 6.9926e-18
6790.191 6.8125e-18
6791.727 6.2889e-18
6793.261 5.0307e-18
6794.796 5.1713e-18
6796.331 8.2248e-18
6797.866 9.3774e-18
6799.4 7.7941e-18
6800.936 7.4427e-18
6802.47 7.6033e-18
6804.005 7.4139e-18
6805.54 6.9349e-18
6807.075 6.1063e-18
6808.609 6.417e-18
6810.144 8.131e-18
6811.679 8.6146e-18
6813.214 7.9389e-18
6814.749 6.4274e-18
6816.284 6.8637e-18
6817.818 6.6048e-18
6819.353 4.8639e-18
6820.888 5.6877e-18
6822.423 7.0555e-18
6823.958 6.9488e-18
6825.493 7.7541e-18
6827.027 9.5326e-18
6828.562 9.2338e-18
6830.097 8.3497e-18
6831.632 7.0554e-18
6833.167 5.3247e-18
6834.702 4.9488e-18
6836.236 5.8479e-18
6837.771 6.494e-18
6839.306 7.1646e-18
6840.841 7.9564e-18
6842.375 8.0028e-18
6843.911 7.6885e-18
6845.445 7.0348e-18
6846.98 7.1279e-18
6848.515 6.3589e-18
6850.05 5.2051e-18
6851.584 6.7284e-18
6853.119 7.0691e-18
6854.654 5.591e-18
6856.189 7.2667e-18
6857.724 8.7247e-18
6859.259 7.6727e-18
6860.793 6.647e-18
6862.328 7.1152e-18
6863.863 8.183e-18
6865.398 5.8743e-18
6866.933 4.9211e-18
6868.468 5.0505e-18
6870.002 3.8973e-18
6871.537 5.9335e-18
6873.072 7.3569e-18
6874.607 5.9079e-18
6876.142 6.5637e-18
6877.677 6.966e-18
6879.211 5.6872e-18
6880.746 6.6797e-18
6882.281 8.8906e-18
6883.816 9.3952e-18
6885.351 8.7417e-18
6886.886 7.3531e-18
6888.42 7.2129e-18
6889.955 5.3962e-18
6891.49 3.497e-18
6893.025 4.7708e-18
6894.56 5.2062e-18
6896.094 6.062e-18
6897.629 6.602e-18
6899.164 5.6004e-18
6900.699 5.316e-18
6902.234 6.5529e-18
6903.769 6.1811e-18
6905.303 6.1602e-18
6906.838 7.1776e-18
6908.373 6.8632e-18
6909.908 6.7978e-18
6911.443 6.917e-18
6912.978 7.0502e-18
6914.512 7.7647e-18
6916.047 8.0467e-18
6917.582 9.1205e-18
6919.117 9.3927e-18
6920.652 6.8373e-18
6922.187 6.877e-18
6923.721 8.8935e-18
6925.256 7.8597e-18
6926.791 6.787e-18
6928.326 6.1795e-18
6929.86 4.7171e-18
6931.396 5.7552e-18
6932.93 7.9568e-18
6934.465 8.2095e-18
6936.0 8.0447e-18
6937.535 8.3829e-18
6939.069 7.7526e-18
6940.604 4.7125e-18
6942.139 5.8023e-18
6943.674 9.4241e-18
6945.209 8.6691e-18
6946.744 7.5159e-18
6948.278 8.2614e-18
6949.813 9.1125e-18
6951.348 7.0867e-18
6952.883 6.7171e-18
6954.418 7.9488e-18
6955.953 7.5258e-18
6957.487 7.3181e-18
6959.022 8.2929e-18
6960.557 6.5453e-18
6962.092 5.4892e-18
6963.627 5.8307e-18
6965.162 6.9449e-18
6966.696 7.4925e-18
6968.231 6.8514e-18
6969.766 6.9206e-18
6971.301 6.7915e-18
6972.835 7.2398e-18
6974.371 7.7158e-18
6975.905 7.1723e-18
6977.44 6.7706e-18
6978.975 6.3321e-18
6980.51 4.3648e-18
6982.044 5.7652e-18
6983.58 8.3763e-18
6985.114 8.0082e-18
6986.649 7.649e-18
6988.184 7.2763e-18
6989.719 7.5239e-18
6991.253 8.3892e-18
6992.789 8.5503e-18
6994.323 8.1346e-18
6995.858 6.0409e-18
6997.393 6.8928e-18
6998.928 9.253e-18
7000.462 9.1078e-18
7001.998 8.1837e-18
7003.532 7.8732e-18
7005.067 7.3662e-18
7006.602 5.6162e-18
7008.137 5.2731e-18
7009.671 5.786e-18
7011.207 6.3663e-18
7012.741 7.4307e-18
7014.276 7.9208e-18
7015.811 8.1064e-18
7017.346 7.5606e-18
7018.88 7.46e-18
7020.415 8.2624e-18
7021.95 7.9054e-18
7023.485 7.7986e-18
7025.02 8.1712e-18
7026.555 6.6547e-18
7028.089 6.7646e-18
7029.624 8.4291e-18
7031.159 9.0956e-18
7032.694 8.1632e-18
7034.229 8.1569e-18
7035.764 9.3717e-18
7037.298 8.553e-18
7038.833 6.1186e-18
7040.368 5.7425e-18
7041.903 7.8822e-18
7043.438 8.2872e-18
7044.973 6.8688e-18
7046.507 7.0153e-18
7048.042 6.4234e-18
7049.577 7.2258e-18
7051.112 8.2302e-18
7052.646 7.0953e-18
7054.182 6.1089e-18
7055.716 6.7767e-18
7057.251 6.431e-18
7058.786 5.0273e-18
7060.321 5.2001e-18
7061.855 4.9224e-18
7063.39 5.2175e-18
7064.925 7.6894e-18
7066.46 9.3496e-18
7067.995 8.7458e-18
7069.53 8.6496e-18
7071.064 8.6786e-18
7072.599 7.8199e-18
7074.134 7.0569e-18
7075.669 8.4169e-18
7077.204 7.5708e-18
7078.739 6.5101e-18
7080.273 5.828e-18
7081.808 4.3695e-18
7083.343 6.2421e-18
7084.878 7.0713e-18
7086.413 6.5823e-18
7087.948 6.0255e-18
7089.482 7.2399e-18
7091.017 8.7089e-18
7092.552 7.7933e-18
7094.087 7.6902e-18
7095.622 8.1166e-18
7097.157 8.6812e-18
7098.691 7.4988e-18
7100.226 7.1802e-18
7101.761 8.5784e-18
7103.296 7.7593e-18
7104.831 7.6267e-18
7106.365 7.0716e-18
7107.9 5.6369e-18
7109.435 6.2951e-18
7110.97 6.8797e-18
7112.505 6.5042e-18
7114.04 6.7414e-18
7115.574 7.817e-18
7117.109 7.124e-18
7118.644 5.7914e-18
7120.179 6.0342e-18
7121.714 6.667e-18
7123.249 7.6641e-18
7124.783 7.0968e-18
7126.318 6.5881e-18
7127.853 6.7572e-18
7129.388 6.0554e-18
7130.923 6.3994e-18
7132.458 6.5529e-18
7133.992 6.6454e-18
7135.527 6.0642e-18
7137.062 5.8226e-18
7138.597 5.4164e-18
7140.131 4.8397e-18
7141.667 6.8021e-18
7143.201 8.2605e-18
7144.736 7.8456e-18
7146.271 8.1408e-18
7147.806 6.7483e-18
7149.34 4.6167e-18
7150.875 5.5306e-18
7152.41 8.8494e-18
7153.945 9.6685e-18
7155.48 7.1853e-18
7157.015 6.8693e-18
7158.549 7.2645e-18
7160.084 6.8261e-18
7161.619 6.8075e-18
7163.154 6.8281e-18
7164.689 7.9611e-18
7166.224 8.0013e-18
7167.758 6.8796e-18
7169.293 6.4505e-18
7170.828 7.204e-18
7172.363 7.5545e-18
7173.898 6.2491e-18
7175.433 6.1906e-18
7176.967 7.6601e-18
7178.502 8.283e-18
7180.037 6.5573e-18
7181.572 5.4002e-18
7183.106 5.5032e-18
7184.642 4.6377e-18
7186.176 5.2026e-18
7187.711 7.1466e-18
7189.246 7.0607e-18
7190.781 5.9529e-18
7192.315 6.7145e-18
7193.851 7.6566e-18
7195.385 6.9692e-18
7196.92 7.3418e-18
7198.455 8.0407e-18
7199.99 6.0804e-18
7201.524 5.3307e-18
7203.06 6.3627e-18
7204.594 6.45e-18
7206.129 7.0296e-18
7207.664 7.4032e-18
7209.199 6.3282e-18
7210.733 5.4605e-18
7212.269 6.4464e-18
7213.803 7.1422e-18
7215.338 5.9836e-18
7216.873 4.9602e-18
7218.408 6.7473e-18
7219.942 7.6991e-18
7221.478 6.5314e-18
7223.012 6.0189e-18
7224.547 6.3709e-18
7226.082 6.4941e-18
7227.617 4.4966e-18
7229.151 4.0527e-18
7230.686 4.9745e-18
7232.221 5.3933e-18
7233.756 6.6709e-18
7235.291 4.6568e-18
7236.826 3.5515e-18
7238.36 8.1751e-18
7239.895 8.9348e-18
7241.43 2.1178e-18
7242.965 -1.263e-19
7244.5 6.595e-18
7246.035 1.0232e-17
7247.569 7.0519e-18
7249.104 6.3285e-18
7250.639 7.9794e-18
7252.174 7.1763e-18
7253.708 6.6199e-18
7255.244 6.9067e-18
7256.778 6.8795e-18
7258.313 6.7759e-18
7259.848 5.379e-18
7261.383 3.8262e-18
7262.917 4.9308e-18
7264.453 5.9633e-18
7265.987 4.5682e-18
7267.522 7.4911e-18
7269.057 1.2224e-17
7270.592 1.1561e-17
7272.126 7.9758e-18
7273.661 4.2418e-18
7275.196 6.964e-18
7276.731 1.1774e-17
7278.266 8.4807e-18
7279.801 4.9376e-18
7281.335 6.2188e-18
7282.87 9.3779e-18
7284.405 9.3215e-18
7285.94 6.4542e-18
7287.475 6.3299e-18
7289.01 8.2369e-18
7290.544 9.3312e-18
7292.079 8.17e-18
7293.614 6.4984e-18
7295.149 6.7149e-18
7296.684 9.0923e-18
7298.219 8.7485e-18
7299.753 6.3553e-18
7301.288 5.6632e-18
7302.823 5.1881e-18
7304.358 4.8456e-18
7305.893 5.9885e-18
7307.427 5.8981e-18
7308.962 8.1747e-18
7310.497 1.1097e-17
7312.032 1.055e-17
7313.567 7.0488e-18
7315.102 7.2454e-18
7316.636 7.2615e-18
7318.171 4.6944e-18
7319.706 5.2474e-18
7321.241 7.3642e-18
7322.776 8.1191e-18
7324.311 6.4483e-18
7325.845 6.0928e-18
7327.38 8.4157e-18
7328.915 9.0098e-18
7330.45 6.9374e-18
7331.985 4.6863e-18
7333.52 5.7571e-18
7335.054 8.9432e-18
7336.589 1.0953e-17
7338.124 9.3719e-18
7339.659 7.348e-18
7341.194 7.5387e-18
7342.729 6.0482e-18
7344.263 7.0194e-18
7345.798 8.005e-18
7347.333 6.7981e-18
7348.868 6.4097e-18
7350.402 7.3141e-18
7351.938 8.6803e-18
7353.472 8.5318e-18
7355.007 8.4219e-18
7356.542 8.0386e-18
7358.077 6.2958e-18
7359.611 5.7552e-18
7361.146 5.9263e-18
7362.681 9.8463e-18
7364.216 9.9756e-18
7365.751 6.16e-18
7367.286 4.846e-18
7368.82 7.63e-18
7370.355 7.2209e-18
7371.89 3.6997e-18
7373.425 5.5079e-18
7374.96 7.9531e-18
7376.495 6.3464e-18
7378.029 4.7982e-18
7379.564 4.9655e-18
7381.099 7.1364e-18
7382.634 7.1218e-18
7384.169 5.6884e-18
7385.704 6.7985e-18
7387.238 8.2891e-18
7388.773 6.8657e-18
7390.308 6.8367e-18
7391.843 6.5044e-18
7393.377 3.2324e-18
7394.913 4.0951e-18
7396.447 6.0665e-18
7397.982 6.8206e-18
7399.517 8.4451e-18
7401.052 6.7455e-18
7402.586 5.5805e-18
7404.122 7.0857e-18
7405.656 6.523e-18
7407.191 5.9672e-18
7408.726 7.7015e-18
7410.261 8.151e-18
7411.795 7.3081e-18
7413.331 7.2015e-18
7414.865 7.3662e-18
7416.4 8.5937e-18
7417.935 8.846e-18
7419.47 7.3457e-18
7421.004 7.2194e-18
7422.54 8.2768e-18
7424.074 8.6241e-18
7425.609 7.1234e-18
7427.144 6.9957e-18
7428.679 7.6319e-18
7430.213 6.9977e-18
7431.749 7.592e-18
7433.283 6.3156e-18
7434.818 6.1199e-18
7436.353 7.1721e-18
7437.888 8.3186e-18
7439.422 8.7599e-18
7440.957 7.6881e-18
7442.492 7.4551e-18
7444.027 8.0482e-18
7445.562 7.5532e-18
7447.097 7.507e-18
7448.631 8.8029e-18
7450.166 7.6233e-18
7451.701 5.5969e-18
7453.236 5.3068e-18
7454.771 6.924e-18
7456.306 8.5621e-18
7457.84 7.7555e-18
7459.375 6.9067e-18
7460.91 8.1313e-18
7462.445 9.281e-18
7463.979 7.9294e-18
7465.515 6.6795e-18
7467.049 7.44e-18
7468.584 8.2328e-18
7470.119 6.6432e-18
7471.654 6.4408e-18
7473.188 7.4149e-18
7474.724 6.0953e-18
7476.258 6.7127e-18
7477.793 9.8206e-18
7479.328 1.0161e-17
7480.863 8.0348e-18
7482.397 7.6013e-18
7483.932 8.0139e-18
7485.467 6.5796e-18
7487.002 6.6589e-18
7488.537 7.3235e-18
7490.072 7.2319e-18
7491.606 8.2672e-18
7493.141 9.5383e-18
7494.676 9.2938e-18
7496.211 7.9049e-18
7497.746 7.3419e-18
7499.281 6.9304e-18
7500.815 6.2545e-18
7502.35 5.7722e-18
7503.885 4.7344e-18
7505.42 4.742e-18
7506.955 6.4185e-18
7508.49 8.3715e-18
7510.024 9.2144e-18
7511.559 7.6042e-18
7513.094 5.6734e-18
7514.629 6.2372e-18
7516.164 8.9791e-18
7517.698 9.6999e-18
7519.233 7.1099e-18
7520.768 6.7713e-18
7522.303 7.5706e-18
7523.838 6.926e-18
7525.373 7.4537e-18
7526.907 7.842e-18
7528.442 7.764e-18
7529.977 7.4492e-18
7531.512 6.995e-18
7533.047 7.748e-18
7534.582 8.4141e-18
7536.116 9.8073e-18
7537.651 9.7911e-18
7539.186 8.0306e-18
7540.721 8.2275e-18
7542.256 8.2634e-18
7543.791 6.6076e-18
7545.325 6.0558e-18
7546.86 6.3869e-18
7548.395 7.7466e-18
7549.93 8.791e-18
7551.465 7.6985e-18
7553.0 6.6446e-18
7554.534 7.382e-18
7556.069 7.621e-18
7557.604 6.2245e-18
7559.139 7.2292e-18
7560.673 8.1928e-18
7562.208 6.2947e-18
7563.743 6.8413e-18
7565.278 8.2077e-18
7566.813 6.5819e-18
7568.348 4.7188e-18
7569.882 6.0966e-18
7571.417 6.9611e-18
7572.952 5.1202e-18
7574.487 7.1125e-18
7576.022 8.9539e-18
7577.557 6.2695e-18
7579.091 4.4018e-18
7580.626 5.7533e-18
7582.161 7.0177e-18
7583.696 7.4714e-18
7585.231 8.256e-18
7586.766 7.1854e-18
7588.3 7.261e-18
7589.835 8.4759e-18
7591.37 8.3008e-18
7592.905 6.0754e-18
7594.44 2.6095e-18
7595.975 3.4079e-18
7597.509 4.6829e-18
7599.044 4.2201e-18
7600.579 5.7254e-18
7602.114 2.5946e-18
7603.648 -9.4179e-19
7605.184 2.0904e-18
7606.718 2.6728e-18
7608.253 2.1102e-18
7609.788 4.0183e-18
7611.323 5.3932e-18
7612.857 5.1478e-18
7614.393 5.8918e-18
7615.927 7.4623e-18
7617.462 5.3257e-18
7618.997 3.712e-18
7620.532 4.9091e-18
7622.066 6.3984e-18
7623.602 7.4217e-18
7625.136 7.1165e-18
7626.671 6.2382e-18
7628.206 5.6905e-18
7629.741 6.2633e-18
7631.275 6.0828e-18
7632.811 6.2528e-18
7634.345 7.5835e-18
7635.88 6.4735e-18
7637.415 4.1278e-18
7638.95 4.2933e-18
7640.484 6.7465e-18
7642.02 7.8876e-18
7643.554 7.0522e-18
7645.089 6.2357e-18
7646.624 6.878e-18
7648.159 6.1913e-18
7649.693 4.7616e-18
7651.228 5.8719e-18
7652.763 8.0154e-18
7654.298 6.6197e-18
7655.833 7.2652e-18
7657.368 7.4559e-18
7658.902 4.8849e-18
7660.437 5.581e-18
7661.972 7.8113e-18
7663.507 7.5763e-18
7665.042 6.9926e-18
7666.577 7.7209e-18
7668.111 7.5321e-18
7669.646 6.3618e-18
7671.181 6.1957e-18
7672.716 7.9136e-18
7674.25 8.2318e-18
7675.786 6.8469e-18
7677.32 7.7331e-18
7678.855 9.2782e-18
7680.39 8.4636e-18
7681.925 8.3003e-18
7683.459 9.4158e-18
7684.994 7.9105e-18
7686.529 5.0239e-18
7688.064 6.0074e-18
7689.599 6.9459e-18
7691.134 6.1621e-18
7692.668 6.6579e-18
7694.203 6.7085e-18
7695.738 6.1869e-18
7697.273 7.1519e-18
7698.808 6.9443e-18
7700.343 6.6182e-18
7701.877 7.6847e-18
7703.412 7.8516e-18
7704.947 7.6207e-18
7706.482 7.6072e-18
7708.017 9.2188e-18
7709.552 1.3988e-17
7711.086 1.6574e-17
7712.621 1.1226e-17
7714.156 8.1113e-18
7715.691 9.5107e-18
7717.226 9.5005e-18
7718.761 7.3633e-18
7720.295 5.5252e-18
7721.83 4.3699e-18
7723.365 7.4427e-18
7724.9 8.997e-18
7726.435 6.3116e-18
7727.969 6.2148e-18
7729.504 7.5265e-18
7731.039 7.0453e-18
7732.574 7.2971e-18
7734.109 7.7553e-18
7735.644 6.8909e-18
7737.178 5.6134e-18
7738.713 5.9791e-18
7740.248 5.8334e-18
7741.783 6.4296e-18
7743.318 7.6979e-18
7744.853 7.4113e-18
7746.387 7.042e-18
7747.922 1.0349e-17
7749.457 1.3677e-17
7750.992 1.1669e-17
7752.527 9.0563e-18
7754.062 7.2898e-18
7755.596 5.7555e-18
7757.131 5.8899e-18
7758.666 7.8175e-18
7760.201 8.6974e-18
7761.736 6.6639e-18
7763.271 5.2337e-18
7764.805 4.8821e-18
7766.34 4.9497e-18
7767.875 6.2821e-18
7769.41 7.4153e-18
7770.944 5.4787e-18
7772.479 4.5574e-18
7774.014 7.9891e-18
7775.549 6.8488e-18
7777.084 4.678e-18
7778.619 7.6635e-18
7780.153 8.0945e-18
7781.688 5.3547e-18
7783.223 5.0916e-18
7784.758 6.0588e-18
7786.293 8.3501e-18
7787.828 1.0883e-17
7789.362 1.084e-17
7790.897 9.5697e-18
7792.432 8.9154e-18
7793.967 8.0128e-18
7795.502 6.1847e-18
7797.037 5.1117e-18
7798.571 4.3469e-18
7800.106 4.5924e-18
7801.641 6.6602e-18
7803.176 7.6354e-18
7804.711 7.7559e-18
7806.246 7.2128e-18
7807.78 5.3283e-18
7809.315 5.8098e-18
7810.85 6.8289e-18
7812.385 5.9064e-18
7813.919 7.0255e-18
7815.455 1.1025e-17
7816.989 1.2132e-17
7818.524 9.6371e-18
7820.059 8.6401e-18
7821.594 8.4056e-18
7823.128 7.0945e-18
7824.664 5.8998e-18
7826.198 7.2489e-18
7827.733 8.5811e-18
7829.268 6.4515e-18
7830.803 4.9393e-18
7832.337 5.1982e-18
7833.873 5.1613e-18
7835.407 5.4832e-18
7836.942 6.6494e-18
7838.477 8.3527e-18
7840.012 7.9968e-18
7841.546 6.5912e-18
7843.082 6.649e-18
7844.616 6.1553e-18
7846.151 8.4651e-18
7847.686 1.104e-17
7849.221 1.0388e-17
7850.755 1.0309e-17
7852.291 1.2403e-17
7853.825 1.3969e-17
7855.36 8.3648e-18
7856.895 4.9033e-18
7858.43 6.7237e-18
7859.964 7.8419e-18
7861.499 9.2919e-18
7863.034 7.1525e-18
7864.569 5.4596e-18
7866.104 6.8313e-18
7867.639 6.4202e-18
7869.173 7.4114e-18
7870.708 9.2267e-18
7872.243 7.5534e-18
7873.778 5.1277e-18
7875.312 6.2801e-18
7876.848 8.9733e-18
7878.382 8.4551e-18
7879.917 5.1117e-18
7881.452 4.9566e-18
7882.987 7.9452e-18
7884.521 8.2408e-18
7886.057 4.9043e-18
7887.591 6.5421e-18
7889.126 8.9565e-18
7890.661 8.2405e-18
7892.196 9.525e-18
7893.73 9.2762e-18
7895.265 6.8379e-18
7896.8 6.083e-18
7898.335 5.5657e-18
7899.87 6.1911e-18
7901.405 7.3863e-18
7902.939 6.8957e-18
7904.474 7.6197e-18
7906.009 1.0456e-17
7907.544 1.1898e-17
7909.079 8.8214e-18
7910.614 3.9548e-18
7912.148 4.0174e-18
7913.683 6.7464e-18
7915.218 9.8738e-18
7916.753 1.0231e-17
7918.288 5.2024e-18
7919.823 2.5869e-18
7921.357 5.1935e-18
7922.892 6.8038e-18
7924.427 5.8886e-18
7925.962 4.7455e-18
7927.497 6.0261e-18
7929.032 7.3415e-18
7930.566 5.6647e-18
7932.101 3.966e-18
7933.636 3.4588e-18
7935.171 4.0618e-18
7936.706 5.9176e-18
7938.24 7.2131e-18
7939.775 5.4735e-18
7941.31 4.517e-18
7942.845 6.0894e-18
7944.38 6.4957e-18
7945.915 3.7315e-18
7947.449 3.4962e-18
7948.984 6.78e-18
7950.519 8.1252e-18
7952.054 6.2412e-18
7953.589 5.7571e-18
7955.124 6.8613e-18
7956.658 7.6803e-18
7958.193 9.9337e-18
7959.728 9.1626e-18
7961.263 5.7414e-18
7962.798 5.9161e-18
7964.333 6.4287e-18
7965.867 6.8042e-18
7967.402 5.5593e-18
7968.937 4.9203e-18
7970.472 5.5785e-18
7972.007 5.8168e-18
7973.542 7.1896e-18
7975.076 8.4791e-18
7976.611 6.8313e-18
7978.146 3.7121e-18
7979.681 4.4913e-18
7981.215 6.1759e-18
7982.75 4.5373e-18
7984.285 2.8246e-18
7985.82 5.7028e-18
7987.355 1.215e-17
7988.89 1.1273e-17
7990.424 9.0566e-18
7991.959 5.9584e-18
7993.494 4.097e-18
7995.029 7.2918e-18
7996.564 6.6502e-18
7998.099 3.0538e-18
7999.633 2.947e-18
8001.168 5.2817e-18
8002.703 6.2892e-18
8004.238 5.0474e-18
8005.773 4.893e-18
8007.308 8.6469e-18
8008.842 9.1444e-18
8010.377 7.2496e-18
8011.912 6.4613e-18
8013.447 5.9337e-18
8014.982 5.311e-18
8016.517 4.6533e-18
8018.051 6.4759e-18
8019.586 6.7932e-18
8021.121 5.4949e-18
8022.656 2.6162e-18
8024.19 1.3463e-18
8025.726 6.2521e-18
8027.26 5.4155e-18
8028.795 7.9745e-19
8030.33 2.2749e-18
8031.865 4.848e-18
8033.399 5.6182e-18
8034.935 6.6658e-18
8036.469 5.3574e-18
8038.004 4.1442e-18
8039.539 5.4873e-18
8041.074 6.3903e-18
8042.608 6.5526e-18
8044.144 6.2801e-18
8045.678 6.3028e-18
8047.213 5.8155e-18
8048.748 4.9348e-18
8050.283 5.1058e-18
8051.817 5.2657e-18
8053.353 5.2705e-18
8054.887 5.8083e-18
8056.422 4.794e-18
8057.957 3.8766e-18
8059.492 5.4707e-18
8061.026 5.8374e-18
8062.561 4.943e-18
8064.096 4.3917e-18
8065.631 3.7063e-18
8067.166 3.6206e-18
8068.701 3.6049e-18
8070.235 3.7671e-18
8071.77 5.8421e-18
8073.305 5.6538e-18
8074.84 3.2972e-18
8076.375 4.076e-18
8077.91 4.4911e-18
8079.444 3.7549e-18
8080.979 4.7803e-18
8082.514 5.4668e-18
8084.049 4.7893e-18
8085.583 4.99e-18
8087.119 5.1846e-18
8088.653 4.056e-18
8090.188 4.3129e-18
8091.723 5.2654e-18
8093.258 4.2961e-18
8094.792 3.328e-18
8096.328 2.668e-18
8097.862 2.4259e-18
8099.397 3.7482e-18
8100.932 4.7422e-18
8102.467 5.0829e-18
8104.001 4.8981e-18
8105.536 4.5156e-18
8107.071 3.671e-18
8108.606 2.6606e-18
8110.141 4.3886e-18
8111.676 5.0044e-18
8113.21 4.0314e-18
8114.745 5.0863e-18
8116.28 6.3259e-18
8117.815 5.7554e-18
8119.35 5.6659e-18
8120.885 6.5412e-18
8122.419 4.871e-18
8123.954 3.1646e-18
8125.489 4.1952e-18
8127.024 5.2832e-18
8128.559 5.0925e-18
8130.094 4.7752e-18
8131.628 4.4333e-18
8133.163 3.9973e-18
8134.698 4.645e-18
8136.233 4.7351e-18
8137.768 4.1863e-18
8139.303 3.6505e-18
8140.837 3.5189e-18
8142.372 5.4914e-18
8143.907 5.0131e-18
8145.442 3.0162e-18
8146.977 4.7047e-18
8148.511 5.8e-18
8150.046 5.5236e-18
8151.581 4.3265e-18
8153.116 3.4156e-18
8154.651 4.5146e-18
8156.186 5.3184e-18
8157.72 5.0435e-18
8159.255 3.7346e-18
8160.79 2.7453e-18
8162.325 2.8974e-18
8163.86 4.2831e-18
8165.395 4.4719e-18
8166.929 2.7756e-18
8168.464 1.6393e-18
8169.999 1.605e-18
8171.534 2.3573e-18
8173.069 2.6113e-18
8174.604 3.0903e-18
8176.138 3.6735e-18
8177.673 3.6333e-18
8179.208 2.6097e-18
8180.743 3.6249e-18
8182.278 4.9087e-18
8183.812 4.2379e-18
8185.347 2.7889e-18
8186.882 1.8154e-18
8188.417 2.7137e-18
8189.952 1.753e-18
8191.486 8.2862e-19
8193.021 2.6289e-18
8194.557 3.6262e-18
8196.091 4.3164e-18
8197.626 3.807e-18
8199.161 2.0665e-18
8200.695 1.6986e-18
8202.23 3.0693e-18
8203.766 2.6786e-18
8205.3 2.188e-18
8206.835 3.675e-18
8208.37 5.9528e-18
8209.904 5.3041e-18
8211.439 2.4623e-18
8212.974 1.9554e-18
8214.509 1.3404e-18
8216.044 3.0633e-18
8217.578 4.9237e-18
8219.113 4.6351e-18
8220.648 3.323e-18
8222.183 2.4552e-18
8223.718 3.9624e-18
8225.253 4.1253e-18
8226.787 2.8476e-18
8228.322 2.4275e-18
8229.857 1.6733e-18
8231.392 1.3307e-18
8232.927 2.0389e-18
8234.462 2.9449e-18
8235.996 2.5664e-18
8237.531 2.7493e-18
8239.066 3.7998e-18
8240.601 3.4289e-18
8242.136 2.8435e-18
8243.671 3.3743e-18
8245.205 3.1624e-18
8246.74 3.1278e-18
8248.275 3.5418e-18
8249.81 3.7463e-18
8251.345 4.2127e-18
8252.88 3.9631e-18
8254.414 3.589e-18
8255.949 3.5275e-18
8257.484 4.1776e-18
8259.019 4.9344e-18
8260.554 3.7344e-18
8262.089 3.0048e-18
8263.623 3.5163e-18
8265.158 3.3994e-18
8266.693 2.801e-18
8268.228 2.8311e-18
8269.763 4.0647e-18
8271.298 4.7541e-18
8272.832 3.8138e-18
8274.367 5.2307e-18
8275.902 6.4467e-18
8277.437 4.4231e-18
8278.972 2.5896e-18
8280.507 2.7334e-18
8282.041 4.6282e-18
8283.576 5.2816e-18
8285.111 3.1121e-18
8286.646 2.5202e-18
8288.181 3.9064e-18
8289.716 4.5713e-18
8291.25 5.6092e-18
8292.785 6.7974e-18
8294.319 7.0644e-18
8295.854 4.6361e-18
8297.39 4.7959e-18
8298.924 1.1321e-17
8300.459 1.2528e-17
8301.994 5.5483e-18
8303.528 1.1983e-18
8305.063 1.5313e-18
8306.599 2.108e-18
8308.133 3.5238e-18
8309.668 3.6848e-18
8311.203 3.1527e-18
8312.737 3.8282e-18
8314.272 3.5079e-18
8315.808 3.1174e-18
8317.342 4.7971e-18
8318.877 4.6653e-18
8320.412 2.681e-18
8321.946 2.6877e-18
8323.481 3.9452e-18
8325.017 4.4285e-18
8326.551 3.2615e-18
8328.086 2.5976e-18
8329.621 3.9341e-18
8331.155 4.8282e-18
8332.69 1.8514e-18
8334.226 -4.616e-19
8335.76 -8.6747e-20
8337.295 6.8007e-18
8338.83 1.9922e-17
8340.364 1.7434e-17
8341.899 8.4934e-18
8343.435 2.3681e-18
8344.969 1.3229e-18
8346.504 5.2772e-18
8348.039 2.4715e-18
8349.573 7.4214e-19
8351.108 3.6241e-18
8352.644 5.0046e-18
8354.178 6.9613e-18
8355.713 5.9451e-18
8357.248 3.4581e-18
8358.782 4.4117e-18
8360.317 5.8387e-18
8361.853 5.216e-18
8363.387 6.7544e-18
8364.922 6.7183e-18
8366.457 5.3075e-18
8367.991 4.624e-18
8369.526 5.2883e-18
8371.062 5.2641e-18
8372.596 3.7714e-18
8374.131 3.6435e-18
8375.666 6.4425e-18
8377.2 5.1038e-18
8378.735 1.9129e-18
8380.27 3.8363e-18
8381.805 6.8947e-18
8383.34 5.1218e-18
8384.874 2.1449e-18
8386.409 2.8789e-18
8387.944 4.5099e-18
8389.479 4.3896e-18
8391.014 2.532e-18
8392.549 4.6927e-18
8394.083 8.7776e-18
8395.618 1.2042e-17
8397.153 9.8586e-18
8398.688 6.7174e-18
8400.223 7.8193e-18
8401.758 6.5261e-19
8403.292 -2.4134e-18
8404.827 1.7384e-18
8406.362 2.7463e-18
8407.896 5.7915e-18
8409.432 9.0736e-18
8410.967 6.5538e-18
8412.501 5.0237e-18
8414.036 3.6342e-18
8415.571 1.5675e-18
8417.105 3.0906e-19
8418.641 1.1497e-18
8420.176 4.4478e-18
8421.71 2.6734e-18
8423.245 5.7489e-18
8424.78 1.1855e-17
8426.314 1.2925e-17
8427.85 1.27e-17
8429.385 8.6425e-18
8430.919 7.6712e-18
8432.454 4.6853e-18
8433.989 1.2716e-18
8435.523 2.8062e-18
8437.059 4.7326e-18
8438.594 6.7312e-18
8440.128 7.2238e-18
8441.663 5.9901e-18
8443.198 3.1417e-18
8444.732 6.1637e-19
8446.268 3.9711e-18
8447.803 4.1914e-18
8449.337 3.3956e-18
8450.872 5.7103e-18
8452.407 6.7366e-18
8453.941 4.4593e-18
8455.477 1.7115e-18
8457.012 4.785e-19
8458.546 4.3825e-18
8460.081 1.0107e-17
8461.615 8.4617e-18
8463.15 4.1082e-18
8464.686 3.4718e-18
8466.22 8.2613e-18
8467.755 9.054e-18
8469.29 3.7454e-18
8470.824 2.3122e-18
8472.359 3.9475e-18
8473.895 3.898e-18
8475.429 3.7567e-18
8476.964 4.5801e-18
8478.499 3.8032e-18
8480.033 3.5429e-18
8481.568 4.9738e-18
8483.104 6.0266e-18
8484.638 4.8055e-18
8486.173 4.436e-18
8487.708 7.1554e-18
8489.242 6.6356e-18
8490.777 5.8979e-18
8492.312 8.1241e-18
8493.847 7.5292e-18
8495.382 3.4666e-18
8496.917 1.6846e-18
8498.451 5.9964e-18
8499.986 9.8187e-18
8501.521 6.8861e-18
8503.056 5.7926e-18
8504.591 9.0349e-18
8506.126 6.0992e-18
8507.66 2.2277e-18
8509.195 4.0096e-18
8510.73 4.595e-18
8512.265 2.9878e-18
8513.8 3.6764e-18
8515.335 4.7668e-18
8516.869 4.4419e-18
8518.404 4.8064e-18
8519.939 5.4828e-18
8521.474 4.9572e-18
8523.009 5.3702e-18
8524.544 5.827e-18
8526.078 4.8259e-18
8527.613 3.7796e-18
8529.148 2.1291e-18
8530.683 2.3967e-18
8532.218 5.3683e-18
8533.753 6.6999e-18
8535.287 5.652e-18
8536.822 3.4952e-18
8538.357 4.5373e-18
8539.892 3.7129e-18
8541.427 9.468e-19
8542.962 2.9199e-18
8544.496 6.4873e-18
8546.031 8.1854e-18
8547.565 7.2703e-18
8549.101 8.3468e-18
8550.636 8.3071e-18
8552.17 4.1072e-18
8553.705 2.6794e-18
8555.24 3.176e-18
8556.774 2.2396e-18
8558.31 1.3741e-18
8559.845 2.5024e-18
8561.379 3.8314e-18
8562.914 5.1314e-18
8564.449 4.8159e-18
8565.983 3.3649e-18
8567.519 2.9419e-18
8569.054 2.4035e-18
8570.588 2.7046e-18
8572.123 3.7992e-18
8573.658 3.2588e-18
8575.192 3.4647e-18
8576.728 3.483e-18
8578.263 4.1319e-18
8579.797 3.9956e-18
8581.332 2.6508e-18
8582.867 2.9618e-18
8584.401 3.6789e-18
8585.937 3.4408e-18
8587.472 2.3271e-18
8589.006 2.2137e-18
8590.541 5.0728e-18
8592.076 5.4644e-18
8593.61 1.8618e-18
8595.146 2.5008e-18
8596.681 4.155e-18
8598.215 2.5472e-18
8599.75 1.895e-18
8601.285 2.683e-18
8602.819 3.1387e-18
8604.354 2.5212e-18
8605.89 4.1173e-18
8607.424 5.3782e-18
8608.959 3.3907e-18
8610.494 2.069e-18
8612.028 1.9472e-18
8613.563 1.3122e-18
8615.099 3.1079e-18
8616.633 6.853e-18
8618.168 6.5982e-18
8619.703 3.6224e-18
8621.237 3.7415e-18
8622.772 5.3579e-18
8624.308 4.3682e-18
8625.842 3.8826e-18
8627.377 4.3481e-18
8628.911 2.8728e-18
8630.446 7.3922e-19
8631.981 1.5331e-18
8633.516 4.8567e-18
8635.051 6.5174e-18
8636.586 6.7285e-18
8638.12 5.0653e-18
8639.655 4.5827e-18
8641.19 6.293e-18
8642.725 5.8914e-18
8644.26 5.3057e-18
8645.795 7.7594e-18
8647.329 6.0153e-18
8648.864 2.6249e-18
8650.399 6.5538e-19
8651.934 8.7588e-19
8653.469 3.0453e-18
8655.004 4.3091e-18
8656.538 6.3597e-18
8658.073 5.7658e-18
8659.608 5.388e-18
8661.143 4.2043e-18
8662.678 2.2402e-18
8664.213 5.3677e-18
8665.747 6.1666e-18
8667.282 3.7099e-18
8668.817 4.7061e-18
8670.352 5.8343e-18
8671.887 4.2905e-18
8673.422 2.7772e-18
8674.956 3.7007e-18
8676.491 5.1506e-18
8678.026 3.8024e-18
8679.561 1.7363e-18
8681.096 2.1143e-18
8682.631 3.5154e-18
8684.165 4.2098e-18
8685.7 3.7185e-18
8687.235 2.6524e-18
8688.77 4.5969e-18
8690.305 6.326e-18
8691.84 5.6447e-18
8693.374 5.8484e-18
8694.909 6.2278e-18
8696.444 5.0015e-18
8697.979 4.2539e-18
8699.514 4.5224e-18
8701.049 4.2625e-18
8702.583 3.5172e-18
8704.118 4.0258e-18
8705.653 3.0602e-18
8707.188 2.2755e-18
8708.723 3.8786e-18
8710.258 4.7433e-18
8711.792 4.9383e-18
8713.327 4.962e-18
8714.861 4.4191e-18
8716.396 3.0188e-18
8717.932 3.08e-18
8719.466 5.3325e-18
8721.001 4.9068e-18
8722.536 3.0136e-18
8724.07 2.0388e-18
8725.605 2.857e-18
8727.141 4.94e-18
8728.675 5.3842e-18
8730.21 5.9619e-18
8731.745 5.6056e-18
8733.279 5.4083e-18
8734.814 4.6993e-18
8736.35 3.6934e-18
8737.884 5.2845e-18
8739.419 7.4903e-18
8740.954 8.5015e-18
8742.488 7.58e-18
8744.023 6.948e-18
8745.559 3.8402e-18
8747.093 3.5189e-18
8748.628 4.3122e-18
8750.163 3.0046e-18
8751.697 2.7888e-18
8753.232 4.3314e-18
8754.768 1.26e-17
8756.302 1.4206e-17
8757.837 5.147e-18
8759.372 1.0007e-18
8760.906 9.7788e-18
8762.441 1.4295e-17
8763.977 3.7735e-18
8765.511 2.7652e-18
8767.046 8.8265e-18
8768.581 8.8223e-18
8770.115 1.3773e-18
8771.65 6.3396e-18
8773.186 1.0341e-17
8774.72 6.4138e-18
8776.255 3.5448e-18
8777.79 5.8467e-18
8779.324 8.385e-18
8780.859 1.6596e-18
8782.395 -2.4666e-18
8783.929 3.8462e-18
8785.464 1.0982e-17
8786.999 1.0554e-17
8788.533 4.9183e-18
8790.068 5.3058e-18
8791.604 1.0964e-17
8793.138 3.8205e-18
8794.673 -6.7693e-20
8796.208 3.7096e-18
8797.742 4.0546e-18
8799.277 3.8173e-18
8800.812 5.1268e-18
8802.347 5.221e-18
8803.882 4.007e-18
8805.416 3.5154e-18
8806.951 4.9413e-18
8808.486 4.537e-18
8810.021 2.8125e-18
8811.556 3.8572e-18
8813.091 5.0853e-18
8814.625 4.5433e-18
8816.16 4.1548e-18
8817.695 4.0881e-18
8819.229 -1.0117e-18
8820.765 1.7979e-17
8822.3 2.1038e-17
8823.834 2.3126e-18
8825.369 -2.2734e-18
8826.904 8.2815e-18
8828.438 8.9205e-18
8829.974 -2.9704e-19
8831.509 -1.9248e-18
8833.043 2.2849e-18
8834.578 2.58e-18
8836.113 7.0901e-18
8837.647 1.0995e-17
8839.183 5.3706e-18
8840.718 1.6066e-18
8842.252 3.8003e-18
8843.787 6.6794e-18
8845.322 6.7094e-18
8846.856 4.4712e-18
8848.392 4.4735e-18
8849.927 8.5471e-18
8851.461 8.954e-18
8852.996 6.7027e-18
8854.531 5.7626e-18
8856.065 6.9563e-18
8857.601 9.5117e-18
8859.136 4.9167e-18
8860.67 4.6695e-18
8862.205 9.7379e-18
8863.74 5.6749e-18
8865.274 4.4694e-18
8866.81 6.8185e-18
8868.345 4.1207e-18
8869.879 2.202e-18
8871.414 3.7772e-18
8872.949 6.8938e-18
8874.483 8.1733e-18
8876.019 3.4685e-18
8877.554 -9.9252e-19
8879.088 1.1112e-17
8880.623 2.4208e-17
8882.157 1.2033e-17
8883.692 1.8237e-18
8885.228 7.7784e-18
8886.762 1.4126e-17
8888.297 1.8816e-18
8889.832 -4.5718e-18
8891.366 1.5395e-18
8892.901 5.3493e-18
8894.437 4.1812e-18
8895.971 6.9669e-18
8897.506 1.3859e-17
8899.041 1.1153e-17
8900.575 8.3167e-18
8902.11 1.0868e-17
8903.646 9.716e-18
8905.18 3.559e-18
8906.715 1.5037e-18
8908.25 3.9012e-18
8909.784 3.9686e-18
8911.319 1.2371e-18
8912.854 9.9508e-18
8914.389 2.0059e-17
8915.924 1.5122e-17
8917.459 9.6229e-18
8918.993 1.4274e-17
8920.528 2.0043e-17
8922.063 6.229e-19
8923.598 -6.0256e-18
8925.133 4.2082e-18
8926.668 3.7671e-18
8928.202 2.7255e-18
8929.737 5.4278e-18
8931.272 6.1872e-18
8932.807 5.0942e-18
8934.342 2.4812e-18
8935.877 3.8961e-18
8937.411 8.7424e-18
8938.946 7.447e-18
8940.481 8.1117e-18
8942.016 9.0983e-18
8943.551 7.8534e-18
8945.086 4.2591e-18
8946.62 -1.2059e-18
8948.155 -4.1291e-19
8949.69 -1.3864e-18
8951.225 8.9521e-18
8952.76 2.0143e-17
8954.295 1.5566e-17
8955.829 5.4732e-18
8957.364 3.4439e-18
8958.899 1.2994e-17
8960.434 1.6666e-18
8961.969 -4.3055e-18
8963.504 3.9507e-18
8965.038 6.1316e-18
8966.573 5.0062e-18
8968.107 5.2797e-18
8969.643 4.2926e-18
8971.178 1.7918e-18
8972.712 2.0536e-18
8974.247 2.473e-18
8975.782 3.0616e-18
8977.316 2.3873e-18
8978.852 3.8422e-18
8980.387 3.3119e-18
8981.921 6.1007e-18
8983.456 8.3265e-18
8984.991 5.6969e-18
8986.525 4.2429e-18
8988.061 4.238e-18
8989.596 3.3191e-18
8991.13 1.0466e-18
8992.665 8.6819e-19
8994.2 8.965e-18
8995.734 1.3718e-17
8997.27 9.0584e-18
8998.805 6.5691e-18
9000.339 4.3879e-18
9001.874 6.2697e-18
9003.409 3.8589e-18
9004.943 -4.9618e-19
9006.479 1.0222e-18
9008.014 3.8366e-18
9009.548 4.6359e-18
9011.083 3.8685e-18
9012.618 5.4159e-18
9014.152 4.5715e-18
9015.688 4.1413e-18
9017.223 3.8492e-18
9018.757 2.2654e-18
9020.292 3.2189e-18
9021.827 5.2845e-18
9023.361 5.1264e-18
9024.896 2.8639e-18
9026.432 2.6518e-18
9027.966 3.9378e-18
9029.501 3.1486e-18
9031.036 3.689e-18
9032.57 4.5435e-18
9034.105 5.1369e-18
9035.641 5.0381e-18
9037.175 2.9666e-18
9038.71 2.6598e-18
9040.245 1.5947e-18
9041.779 1.4286e-18
9043.314 5.5061e-18
9044.85 8.3571e-18
9046.384 5.9961e-18
9047.919 7.1733e-18
9049.453 1.0073e-17
9050.988 4.4867e-18
9052.523 1.2842e-19
9054.058 1.2452e-18
9055.593 3.7238e-18
9057.128 5.6282e-18
9058.662 5.3708e-18
9060.197 4.7368e-18
9061.732 4.6653e-18
9063.267 6.2916e-18
9064.802 6.252e-18
9066.337 5.1814e-18
9067.871 6.2566e-18
9069.406 6.2306e-18
9070.941 5.244e-18
9072.476 4.9168e-18
9074.011 4.3448e-18
9075.546 3.0219e-18
9077.08 3.1846e-18
9078.615 4.7354e-18
9080.15 6.215e-18
9081.685 6.1938e-18
9083.22 3.9549e-18
9084.755 4.0975e-18
9086.289 5.8703e-18
9087.824 6.4647e-18
9089.359 5.1875e-18
9090.894 4.3267e-18
9092.429 7.1643e-18
9093.964 5.7492e-18
9095.498 1.5064e-18
9097.033 5.2977e-18
9098.568 8.6041e-18
9100.103 6.2342e-18
9101.638 5.4581e-18
9103.173 6.8584e-18
9104.707 4.765e-18
9106.242 8.9253e-19
9107.777 2.7721e-18
9109.312 6.4344e-18
9110.847 4.8848e-18
9112.382 4.1018e-18
9113.916 5.834e-18
9115.451 4.0907e-18
9116.986 2.5127e-18
9118.521 4.0116e-18
9120.056 5.2085e-18
9121.591 4.5398e-18
9123.125 4.0133e-18
9124.66 4.519e-18
9126.195 6.2099e-18
9127.729 7.4905e-18
9129.265 5.9398e-18
9130.8 4.0253e-18
9132.334 5.3251e-18
9133.869 5.378e-18
9135.403 2.3419e-18
9136.938 3.1604e-18
9138.474 5.2901e-18
9140.008 6.7093e-18
9141.543 5.8381e-18
9143.078 4.1705e-18
9144.612 4.2254e-18
9146.147 3.4724e-18
9147.683 5.7342e-18
9149.217 5.2504e-18
9150.752 4.084e-18
9152.287 4.2711e-18
9153.821 4.4653e-18
9155.356 4.2437e-18
9156.892 2.7144e-18
9158.426 5.2895e-18
9159.961 5.5624e-18
9161.496 3.4561e-18
9163.03 2.7676e-18
9164.565 4.2914e-18
9166.101 5.7232e-18
9167.635 5.9664e-18
9169.17 7.3298e-18
9170.705 7.6042e-18
9172.239 3.5081e-18
9173.774 1.5156e-18
9175.31 4.3201e-18
9176.844 4.9976e-18
9178.379 5.6826e-18
9179.914 4.5054e-18
9181.448 3.6991e-18
9182.983 4.2394e-18
9184.519 4.3294e-18
9186.053 5.2484e-18
9187.588 4.5992e-18
9189.123 4.4968e-18
9190.657 4.7902e-18
9192.192 4.9388e-18
9193.728 4.6038e-18
9195.262 5.2075e-18
9196.797 4.1261e-18
9198.332 3.9741e-18
9199.866 5.7899e-18
9201.401 4.1767e-18
9202.937 3.2069e-18
9204.471 4.1229e-18
9206.006 3.6586e-18
9207.541 4.0138e-18
9209.075 5.597e-18
9210.61 7.4544e-18
9212.146 6.1006e-18
9213.68 4.5435e-18
9215.215 5.3715e-18
9216.749 6.0069e-18
9218.284 5.7219e-18
9219.819 4.2321e-18
9221.354 2.5447e-18
9222.889 3.2049e-18
9224.424 6.6258e-18
9225.958 6.779e-18
9227.493 4.984e-18
9229.028 6.0303e-18
9230.562 5.7185e-18
9232.098 3.9072e-18
9233.633 3.9417e-18
9235.167 5.3764e-18
9236.702 7.1151e-18
9238.237 6.3511e-18
9239.771 4.6157e-18
9241.307 4.8078e-18
9242.842 6.1475e-18
9244.376 5.7374e-18
9245.911 4.3801e-18
9247.446 4.3997e-18
9248.98 2.705e-18
9250.516 3.2073e-18
9252.051 4.7507e-18
9253.585 4.6188e-18
9255.12 4.8582e-18
9256.655 4.8541e-18
9258.189 5.3241e-18
9259.725 5.7071e-18
9261.26 5.2791e-18
9262.794 5.5123e-18
9264.329 6.0088e-18
9265.864 6.4192e-18
9267.398 6.9684e-18
9268.934 5.5167e-18
9270.469 4.6338e-18
9272.003 4.4945e-18
9273.538 4.0744e-18
9275.073 5.5e-18
9276.607 5.4462e-18
9278.143 3.2405e-18
9279.678 3.8437e-18
9281.212 7.0782e-18
9282.747 9.832e-18
9284.282 8.3168e-18
9285.816 4.0961e-18
9287.352 4.4417e-18
9288.887 6.4922e-18
9290.421 5.4506e-18
9291.956 7.3117e-18
9293.491 9.3927e-18
9295.025 7.479e-18
9296.561 3.179e-18
9298.096 4.3009e-20
9299.63 7.5346e-18
9301.165 1.8585e-17
9302.699 1.3891e-17
9304.234 6.3382e-19
9305.77 5.4117e-18
9307.304 3.7067e-17
9308.839 3.1426e-17
9310.374 7.7149e-18
9311.908 7.5379e-18
9313.443 8.3441e-18
9314.979 -9.0062e-18
9316.513 -1.3382e-17
9318.048 9.1368e-18
9319.583 1.1478e-17
9321.117 7.6244e-18
9322.652 1.4827e-17
9324.188 1.117e-17
9325.722 -5.1794e-18
9327.257 -4.1319e-18
9328.792 2.5161e-18
9330.326 2.6376e-18
9331.861 6.9902e-18
9333.396 5.5088e-18
9334.931 8.3978e-18
9336.466 9.291e-18
9338.001 4.3667e-18
9339.535 3.0485e-18
9341.07 1.4094e-18
9342.605 4.4705e-18
9344.14 6.2145e-18
9345.675 6.3221e-18
9347.21 6.1977e-18
9348.744 5.4623e-18
9350.279 6.1927e-18
9351.814 2.8063e-18
9353.349 1.1531e-18
9354.884 4.1437e-18
9356.419 5.2411e-18
9357.953 5.0057e-18
9359.488 3.5601e-18
9361.023 4.4286e-18
9362.558 5.4937e-18
9364.093 8.7147e-19
9365.628 1.5992e-18
9367.162 -1.264e-17
9368.697 1.4139e-17
9370.232 4.6746e-17
9371.767 3.1579e-17
9373.302 3.4476e-18
9374.837 2.866e-18
9376.371 7.2142e-18
9377.906 1.6289e-16
9379.441 9.1259e-17
9380.976 1.1435e-17
9382.511 -8.9381e-19
9384.046 8.4307e-18
9385.58 2.6339e-18
9387.115 3.597e-18
9388.649 3.2157e-18
9390.185 6.3981e-18
9391.72 9.3368e-18
9393.254 4.9216e-18
9394.789 5.044e-19
9396.324 2.5671e-18
9397.858 7.8858e-18
9399.394 4.1519e-18
9400.929 -2.3168e-18
9402.463 3.6835e-18
9403.998 3.1471e-18
9405.533 -2.9151e-18
9407.067 8.9638e-19
9408.603 5.8933e-18
9410.138 6.047e-18
9411.672 3.9799e-18
9413.207 9.503e-18
9414.742 1.5857e-17
9416.276 1.2083e-17
9417.812 1.2844e-17
9419.347 1.46e-17
9420.881 7.5487e-18
9422.416 6.9699e-19
9423.951 -9.3573e-19
9425.485 8.9586e-19
9427.021 2.2924e-18
9428.556 2.5633e-18
9430.09 9.8396e-20
9431.625 -3.4639e-18
9433.16 5.2155e-18
9434.694 2.5693e-17
9436.229 2.1918e-17
9437.765 1.0401e-18
9439.299 6.3161e-18
9440.834 9.4016e-18
9442.369 -4.5408e-18
9443.903 -1.8818e-18
9445.438 4.0777e-18
9446.974 3.2116e-18
9448.508 3.0266e-18
9450.043 -2.1643e-18
9451.578 3.9305e-18
9453.112 1.7869e-17
9454.647 6.0891e-18
9456.183 -9.3003e-18
9457.717 -6.864e-18
9459.252 3.0494e-18
9460.787 8.1777e-19
9462.321 -5.3942e-18
9463.856 1.6385e-18
9465.392 5.8529e-18
9466.926 2.6875e-18
9468.461 -5.8387e-19
9469.995 4.386e-18
9471.53 1.5814e-17
9473.065 9.8282e-18
9474.6 5.5425e-18
9476.135 1.1985e-17
9477.67 8.5473e-18
9479.204 -6.9847e-18
9480.739 -1.3255e-17
9482.274 -2.5857e-18
9483.809 6.4371e-18
9485.344 5.1462e-18
9486.879 3.4544e-18
9488.413 4.6632e-18
9489.948 3.4764e-18
9491.483 1.7705e-18
9493.018 -1.6368e-18
9494.553 -2.3762e-18
9496.088 8.5675e-18
9497.622 1.1137e-17
9499.157 5.9953e-18
9500.692 5.753e-18
9502.227 6.6503e-18
9503.762 3.4444e-18
9505.297 -3.0645e-18
9506.831 -1.7458e-18
9508.366 3.1024e-18
9509.901 1.7609e-18
9511.436 3.5396e-18
9512.971 9.5544e-18
9514.506 9.7845e-18
9516.04 1.0238e-17
9517.575 8.6673e-18
9519.11 1.8589e-18
9520.645 -5.7591e-19
9522.18 -2.8346e-18
9523.715 -1.369e-18
9525.249 2.3443e-18
9526.784 3.3892e-18
9528.319 2.3068e-18
9529.854 3.1414e-18
9531.389 3.6492e-18
9532.924 3.5053e-18
9534.458 6.6995e-18
9535.993 4.407e-18
9537.528 1.3626e-18
9539.062 2.908e-18
9540.598 4.17e-18
9542.133 3.2661e-18
9543.667 8.1244e-19
9545.202 3.1466e-18
9546.737 1.3212e-17
9548.271 1.6773e-17
9549.807 9.1399e-18
9551.342 4.1353e-18
9552.876 6.4583e-18
9554.411 3.2636e-18
9555.945 1.2077e-18
9557.48 2.4914e-18
9559.016 -2.5568e-18
9560.55 6.2085e-18
9562.085 2.1147e-17
9563.62 1.5865e-17
9565.154 9.375e-18
9566.689 9.4282e-18
9568.225 7.586e-18
9569.759 1.6525e-18
9571.294 -1.3312e-18
9572.829 7.3512e-19
9574.363 1.9251e-18
9575.898 1.6786e-18
9577.434 1.4037e-18
9578.968 1.3144e-18
9580.503 1.7238e-18
9582.038 2.3139e-18
9583.572 3.2258e-18
9585.107 3.9132e-18
9586.643 3.1121e-18
9588.177 6.7163e-19
9589.712 1.6165e-18
9591.247 3.3198e-18
9592.781 1.8901e-18
9594.316 1.2536e-18
9595.852 1.687e-18
9597.386 1.937e-18
9598.921 1.7104e-18
9600.456 2.943e-18
9601.99 6.4774e-18
9603.525 5.0733e-18
9605.061 3.4158e-18
9606.595 8.6483e-18
9608.13 1.04e-17
9609.665 4.9522e-18
9611.199 8.5049e-21
9612.734 -1.9367e-18
9614.27 2.1021e-18
9615.804 9.6619e-18
9617.339 9.0077e-18
9618.874 3.4272e-18
9620.408 1.345e-18
9621.943 -2.5631e-19
9623.479 -6.7846e-19
9625.013 2.3766e-18
9626.548 5.1083e-18
9628.083 4.3038e-18
9629.617 1.1468e-18
9631.152 1.25e-18
9632.688 3.6152e-18
9634.222 4.2088e-18
9635.757 2.8568e-18
9637.291 1.5375e-18
9638.826 9.7997e-19
9640.361 -1.9116e-19
9641.896 1.8514e-19
9643.431 2.0403e-18
9644.966 3.7239e-18
9646.5 5.4524e-18
9648.035 4.8404e-18
9649.57 2.0369e-18
9651.104 1.5461e-18
9652.64 2.7036e-18
9654.175 3.9416e-18
9655.709 3.9434e-18
9657.244 3.4605e-18
9658.779 3.3023e-18
9660.313 2.7136e-18
9661.849 4.0187e-18
9663.384 4.2847e-18
9664.918 1.8615e-18
9666.453 2.2016e-18
9667.988 5.0915e-18
9669.522 4.8732e-18
9671.058 4.3151e-18
9672.593 3.0094e-18
9674.127 4.3475e-18
9675.662 5.8543e-18
9677.197 5.0867e-18
9678.731 2.3944e-18
9680.267 -1.1523e-18
9681.802 3.6568e-18
9683.336 1.8806e-18
9684.871 -2.0198e-18
9686.406 3.586e-18
9687.94 9.3104e-18
9689.476 6.7374e-18
9691.011 2.5095e-19
9692.545 3.4654e-19
9694.08 9.281e-18
9695.615 9.7835e-18
9697.149 4.8767e-18
9698.685 5.6896e-18
9700.22 6.2595e-18
9701.754 4.6198e-19
9703.289 -1.9974e-18
9704.824 5.0953e-18
9706.358 8.5716e-18
9707.894 5.743e-18
9709.429 4.182e-18
9710.963 1.4898e-18
9712.498 -4.7564e-19
9714.033 4.2833e-18
9715.567 8.2261e-18
9717.103 7.13e-18
9718.638 4.9927e-18
9720.172 5.8358e-18
9721.707 1.1054e-17
9723.241 3.2576e-17
9724.776 3.0815e-17
9726.312 1.3863e-17
9727.846 6.4381e-18
9729.381 5.9432e-18
9730.916 3.0568e-18
9732.45 8.1627e-18
9733.985 1.1915e-17
9735.521 4.4212e-18
9737.055 -1.5981e-18
9738.59 4.2013e-18
9740.125 9.6505e-18
9741.659 4.8564e-18
9743.194 2.8308e-18
9744.729 3.4166e-18
9746.264 4.0053e-18
9747.799 6.0694e-18
9749.334 3.7083e-18
9750.868 1.1769e-18
9752.403 3.2513e-18
9753.938 5.0467e-18
9755.473 3.0875e-18
9757.008 1.3897e-18
9758.543 2.8756e-18
9760.077 4.2679e-18
9761.612 3.9932e-18
9763.147 2.6852e-18
9764.682 2.041e-18
9766.217 2.4857e-18
9767.752 2.664e-18
9769.286 2.4937e-18
9770.821 2.2197e-18
9772.356 2.7059e-18
9773.891 5.5259e-18
9775.426 7.6217e-18
9776.961 4.6315e-18
9778.495 2.846e-18
9780.03 3.856e-18
9781.565 3.8539e-18
9783.1 1.4575e-18
9784.635 1.2541e-17
9786.17 1.3869e-17
9787.704 -8.9274e-18
9789.239 -1.0114e-17
9790.774 1.058e-17
9792.309 1.2555e-17
9793.844 -1.8378e-18
9795.379 -7.3322e-18
9796.913 1.5555e-20
9798.448 3.273e-18
9799.983 3.4646e-18
9801.518 4.2554e-18
9803.053 -1.6621e-18
9804.587 -1.5377e-18
9806.122 5.6791e-18
9807.657 3.5066e-18
9809.191 5.2939e-19
9810.727 4.4781e-18
9812.262 4.8036e-18
9813.796 2.8516e-18
9815.331 3.3953e-18
9816.866 3.5724e-18
9818.4 3.9953e-18
9819.936 3.4449e-18
9821.471 1.9398e-18
9823.005 2.3468e-18
9824.54 5.3161e-18
9826.075 8.7492e-18
9827.609 7.6215e-18
9829.145 2.9227e-18
9830.68 5.4439e-20
9832.214 2.6237e-18
9833.749 4.8633e-18
9835.284 5.4951e-18
9836.818 5.5573e-18
9838.354 1.156e-18
9839.889 -1.1813e-18
9841.423 4.6992e-18
9842.958 1.0251e-17
9844.493 8.7742e-18
9846.027 9.6695e-18
9847.562 9.3644e-18
9849.098 5.9324e-18
9850.632 3.4822e-18
9852.167 -3.8661e-19
9853.702 -1.6246e-18
9855.236 1.9354e-18
9856.771 2.6098e-18
9858.307 1.5691e-18
9859.841 2.2157e-18
9861.376 2.6134e-18
9862.911 3.861e-19
9864.445 -3.3705e-18
9865.98 5.9625e-18
9867.516 1.4225e-17
9869.05 1.0249e-17
9870.585 8.9281e-18
9872.12 7.5857e-18
9873.654 -1.6192e-19
9875.189 -1.1258e-17
9876.725 -9.5345e-18
9878.259 -1.0672e-18
9879.794 5.1564e-18
9881.329 8.5763e-18
9882.863 3.9181e-18
9884.398 -2.0121e-18
9885.934 -2.8246e-18
9887.468 2.0668e-18
9889.003 7.8688e-18
9890.537 8.7836e-18
9892.072 7.1309e-18
9893.607 1.0809e-17
9895.142 9.7446e-18
9896.677 7.9047e-18
9898.212 2.3081e-18
9899.746 -1.9868e-18
9901.281 -1.6221e-18
9902.816 2.5436e-19
9904.351 1.711e-18
9905.886 -5.2083e-19
9907.421 3.4009e-20
9908.955 1.9685e-17
9910.49 2.9472e-17
9912.025 2.0175e-17
9913.56 1.1994e-17
9915.095 1.1844e-17
9916.63 6.2718e-18
9918.164 -1.0225e-17
9919.699 -8.8001e-18
9921.234 1.9518e-18
9922.769 7.0929e-18
9924.304 8.585e-18
9925.839 7.3935e-18
9927.373 4.8604e-18
9928.908 3.5121e-18
9930.443 5.0873e-18
9931.978 5.9677e-18
9933.513 -7.1041e-19
9935.048 -2.2131e-18
9936.582 5.1673e-18
9938.117 4.1358e-18
9939.652 8.3376e-18
9941.187 1.7425e-17
9942.722 1.2095e-17
9944.257 -4.4374e-18
9945.791 -1.0534e-17
9947.326 -4.3942e-18
9948.861 -9.1156e-18
9950.396 -1.9057e-19
9951.931 9.1231e-18
9953.466 1.4342e-18
9955.0 6.4925e-18
9956.535 1.7615e-17
9958.07 1.9414e-17
9959.604 -2.7026e-18
9961.14 -1.3427e-17
9962.675 1.3112e-18
9964.209 1.7289e-18
9965.744 6.481e-19
9967.279 7.3449e-18
9968.813 5.1761e-18
9970.349 3.0727e-18
9971.883 4.9819e-18
9973.418 9.9689e-18
9974.953 9.4742e-18
9976.487 3.456e-18
9978.022 3.0266e-18
9979.558 3.7745e-18
9981.092 3.2342e-18
9982.627 -9.2463e-19
9984.162 1.9218e-19
9985.696 6.3303e-18
9987.231 6.5874e-18
9988.767 3.0867e-18
9990.301 2.9981e-18
9991.836 5.459e-18
9993.371 7.0721e-18
9994.905 5.4006e-18
9996.44 -1.3421e-18
9997.976 -2.2053e-18
9999.51 5.1117e-18
