# DICHROIC = D55
# HA = +02:07:28.0
# ANGLE = 27 deg 17 min
# OBSERVER = Adams  Karambelkar
# OBSLST = 16:03:15.8
# OBJECT = ZTF18aajqcue
# CASSPA = 122.00
# PARALLAC = 125.51
# HOURANG = W02:07:28.0
# CCDTEMP = 161.58
# LAMPS = 0000000
# RA = 13:55:09.58
# GRATING = 600/4000
# APERTURE = 1.5
# TELFOCUS = 41.35 mm
# AIRMASS = 1.19
# DEC = +58:29:47.4
# UTSHUT = 2018-05-16T08:14:43.864
# EXPTIME = 900
3400.0 5.0881e-17
3401.525 5.9078e-17
3403.05 6.1139e-17
3404.575 3.5514e-17
3406.1 2.7803e-17
3407.625 5.3863e-17
3409.15 3.7015e-17
3410.675 4.6038e-17
3412.2 2.0654e-17
3413.725 2.0442e-17
3415.25 5.4092e-17
3416.775 4.6269e-17
3418.3 1.7061e-17
3419.825 4.5693e-17
3421.35 2.4975e-17
3422.875 6.4196e-17
3424.4 4.8907e-17
3425.925 2.9614e-17
3427.45 3.089e-17
3428.975 5.2052e-17
3430.5 3.7483e-17
3432.025 3.9566e-17
3433.55 6.6951e-17
3435.075 9.5573e-17
3436.6 6.4088e-17
3438.125 4.7967e-17
3439.65 4.4274e-17
3441.175 4.1069e-17
3442.7 4.6349e-17
3444.225 6.3493e-17
3445.75 6.1574e-17
3447.275 3.9919e-17
3448.8 3.1525e-17
3450.325 2.5106e-17
3451.85 5.8694e-17
3453.375 9.5953e-17
3454.9 7.8304e-17
3456.425 3.5717e-17
3457.95 2.2963e-17
3459.475 6.3357e-17
3461.0 5.0598e-17
3462.525 4.5277e-17
3464.05 2.721e-17
3465.575 4.118e-17
3467.1 2.6312e-17
3468.625 5.8155e-17
3470.15 2.7075e-17
3471.675 -2.7427e-18
3473.2 1.4539e-17
3474.725 3.1756e-17
3476.25 9.1336e-18
3477.775 4.9868e-17
3479.3 1.1486e-17
3480.825 3.836e-17
3482.35 7.3682e-17
3483.875 7.9619e-17
3485.4 1.7179e-17
3486.925 3.3106e-17
3488.45 2.5496e-17
3489.975 3.287e-17
3491.5 4.0525e-17
3493.025 3.5944e-17
3494.55 3.3502e-17
3496.075 5.825e-17
3497.6 6.3376e-17
3499.125 5.1211e-17
3500.65 3.8505e-17
3502.175 3.0614e-17
3503.7 5.3418e-17
3505.225 4.4596e-17
3506.75 3.1276e-17
3508.275 2.1371e-17
3509.8 3.2478e-17
3511.325 3.7471e-17
3512.85 2.8801e-17
3514.375 2.2834e-17
3515.9 5.3642e-17
3517.425 5.9493e-17
3518.95 5.0682e-17
3520.475 4.8608e-17
3522.0 4.2275e-17
3523.525 3.5173e-17
3525.05 3.8921e-17
3526.575 5.9715e-17
3528.1 4.7253e-17
3529.625 4.836e-17
3531.15 4.3322e-17
3532.675 4.7021e-17
3534.2 5.2946e-17
3535.725 2.9095e-17
3537.25 5.5432e-17
3538.775 4.4801e-17
3540.3 4.393e-17
3541.825 6.7018e-17
3543.35 3.8138e-17
3544.875 3.2439e-17
3546.4 4.386e-17
3547.925 3.8644e-17
3549.45 5.005e-17
3550.975 2.8771e-17
3552.5 2.0119e-17
3554.025 5.3029e-17
3555.55 3.891e-17
3557.075 2.6081e-17
3558.6 2.3054e-17
3560.125 2.0111e-17
3561.65 5.0111e-17
3563.175 5.0773e-17
3564.7 3.784e-17
3566.225 2.5925e-17
3567.75 3.5839e-17
3569.275 5.1542e-17
3570.8 7.8663e-17
3572.325 6.7613e-17
3573.85 3.4234e-17
3575.375 4.7531e-17
3576.9 4.3021e-17
3578.425 3.5882e-17
3579.95 3.9768e-17
3581.475 2.7754e-17
3583.0 1.9972e-17
3584.525 3.4352e-17
3586.05 4.6987e-17
3587.575 4.4818e-17
3589.1 3.2927e-17
3590.625 2.7403e-17
3592.15 3.7974e-17
3593.675 6.077e-17
3595.2 5.6125e-17
3596.725 3.3143e-17
3598.25 4.6013e-17
3599.775 6.2622e-17
3601.3 6.7595e-17
3602.825 6.6294e-17
3604.35 5.8547e-17
3605.875 4.6276e-17
3607.4 3.4568e-17
3608.925 2.5117e-17
3610.45 2.6165e-17
3611.975 4.0013e-17
3613.5 4.7873e-17
3615.025 4.4178e-17
3616.55 6.1633e-17
3618.075 5.2482e-17
3619.6 3.1675e-17
3621.125 4.6219e-17
3622.65 4.6184e-17
3624.175 4.8436e-17
3625.7 7.3734e-17
3627.225 6.2616e-17
3628.75 5.7283e-17
3630.275 4.6889e-17
3631.8 2.9676e-17
3633.325 2.6196e-17
3634.85 3.2256e-17
3636.375 4.428e-17
3637.9 5.8931e-17
3639.425 5.4372e-17
3640.95 4.4862e-17
3642.475 4.7056e-17
3644.0 5.2898e-17
3645.525 3.4103e-17
3647.05 4.9934e-17
3648.575 5.0732e-17
3650.1 5.7608e-17
3651.625 4.3876e-17
3653.15 3.2679e-17
3654.675 2.5024e-17
3656.2 4.1646e-17
3657.725 4.7446e-17
3659.25 4.7348e-17
3660.775 4.8842e-17
3662.3 4.8128e-17
3663.825 5.3612e-17
3665.35 5.5951e-17
3666.875 3.8141e-17
3668.4 3.9821e-17
3669.925 4.0684e-17
3671.45 4.2323e-17
3672.975 5.0812e-17
3674.5 5.6244e-17
3676.025 4.1655e-17
3677.55 3.4129e-17
3679.075 3.1291e-17
3680.6 3.4704e-17
3682.125 4.1388e-17
3683.65 3.8936e-17
3685.175 2.9374e-17
3686.7 4.5522e-17
3688.225 4.2323e-17
3689.75 4.734e-17
3691.275 3.549e-17
3692.8 4.1894e-17
3694.325 3.2875e-17
3695.85 4.7184e-17
3697.375 4.8482e-17
3698.9 4.4573e-17
3700.425 4.6224e-17
3701.95 5.76e-17
3703.475 5.9209e-17
3705.0 3.892e-17
3706.525 4.0278e-17
3708.05 5.2802e-17
3709.575 3.7405e-17
3711.1 4.1111e-17
3712.625 3.2864e-17
3714.15 4.5187e-17
3715.675 5.5216e-17
3717.2 4.7711e-17
3718.725 5.5439e-17
3720.25 4.7627e-17
3721.775 3.3537e-17
3723.3 4.5228e-17
3724.825 3.8017e-17
3726.35 4.8071e-17
3727.875 5.1138e-17
3729.4 4.2167e-17
3730.925 3.7489e-17
3732.45 4.4012e-17
3733.975 5.2445e-17
3735.5 4.8813e-17
3737.025 4.0378e-17
3738.55 3.7864e-17
3740.075 4.3392e-17
3741.6 4.7305e-17
3743.125 5.7511e-17
3744.65 5.603e-17
3746.175 5.2013e-17
3747.7 4.6165e-17
3749.225 3.2049e-17
3750.75 3.6468e-17
3752.275 4.3802e-17
3753.8 4.285e-17
3755.325 4.9954e-17
3756.85 5.7154e-17
3758.375 5.7258e-17
3759.9 4.2127e-17
3761.425 4.0637e-17
3762.95 4.5343e-17
3764.475 4.9972e-17
3766.0 5.2877e-17
3767.525 4.2893e-17
3769.05 4.4441e-17
3770.575 4.9882e-17
3772.1 4.8256e-17
3773.625 3.7098e-17
3775.15 3.5714e-17
3776.675 4.2699e-17
3778.2 5.307e-17
3779.725 6.2127e-17
3781.25 5.068e-17
3782.775 4.3975e-17
3784.3 4.7608e-17
3785.825 4.4372e-17
3787.35 4.195e-17
3788.875 4.4807e-17
3790.4 3.6496e-17
3791.925 3.1452e-17
3793.45 5.132e-17
3794.975 4.5884e-17
3796.5 4.9808e-17
3798.025 4.229e-17
3799.55 4.7011e-17
3801.075 4.3057e-17
3802.6 3.5484e-17
3804.125 4.1349e-17
3805.65 5.0987e-17
3807.175 4.7395e-17
3808.7 4.5497e-17
3810.225 5.1721e-17
3811.75 4.8035e-17
3813.275 4.3213e-17
3814.8 5.4403e-17
3816.325 6.407e-17
3817.85 5.5503e-17
3819.375 5.4174e-17
3820.9 6.3374e-17
3822.425 5.3563e-17
3823.95 5.5078e-17
3825.475 4.4716e-17
3827.0 4.8543e-17
3828.525 5.5049e-17
3830.05 4.9652e-17
3831.575 5.4274e-17
3833.1 5.8047e-17
3834.625 5.2747e-17
3836.15 4.8047e-17
3837.675 4.7692e-17
3839.2 4.1084e-17
3840.725 3.8272e-17
3842.25 3.938e-17
3843.775 4.5996e-17
3845.3 4.7849e-17
3846.825 5.5669e-17
3848.35 4.6007e-17
3849.875 4.1542e-17
3851.4 4.7667e-17
3852.925 5.6375e-17
3854.45 5.856e-17
3855.975 5.8218e-17
3857.5 4.6268e-17
3859.025 6.401e-17
3860.55 6.6937e-17
3862.075 5.1168e-17
3863.6 4.9578e-17
3865.125 5.3502e-17
3866.65 5.2607e-17
3868.175 5.3224e-17
3869.7 5.3047e-17
3871.225 5.472e-17
3872.75 5.3393e-17
3874.275 5.0379e-17
3875.8 5.7072e-17
3877.325 4.9184e-17
3878.85 4.7642e-17
3880.375 4.6279e-17
3881.9 4.1904e-17
3883.425 3.7542e-17
3884.95 4.1527e-17
3886.475 5.5407e-17
3888.0 5.9959e-17
3889.525 5.7423e-17
3891.05 5.8826e-17
3892.575 5.5281e-17
3894.1 5.8878e-17
3895.625 5.0395e-17
3897.15 5.8008e-17
3898.675 6.4148e-17
3900.2 4.4133e-17
3901.725 4.409e-17
3903.25 4.8616e-17
3904.775 6.6523e-17
3906.3 6.5347e-17
3907.825 4.059e-17
3909.35 4.2699e-17
3910.875 5.2878e-17
3912.4 5.5581e-17
3913.925 4.7567e-17
3915.45 4.7577e-17
3916.975 4.562e-17
3918.5 5.068e-17
3920.025 5.8595e-17
3921.55 6.1397e-17
3923.075 5.8873e-17
3924.6 4.8381e-17
3926.125 6.0342e-17
3927.65 6.8122e-17
3929.175 6.6748e-17
3930.7 5.9664e-17
3932.225 6.0255e-17
3933.75 5.0132e-17
3935.275 5.5604e-17
3936.8 5.4467e-17
3938.325 5.9213e-17
3939.85 5.5126e-17
3941.375 4.9864e-17
3942.9 4.4825e-17
3944.425 4.4264e-17
3945.95 6.0862e-17
3947.475 6.0599e-17
3949.0 5.7198e-17
3950.525 4.9069e-17
3952.05 5.742e-17
3953.575 6.1606e-17
3955.1 5.9161e-17
3956.625 5.6285e-17
3958.15 4.7418e-17
3959.675 4.9725e-17
3961.2 5.6248e-17
3962.725 6.4672e-17
3964.25 5.8486e-17
3965.775 6.6081e-17
3967.3 5.7673e-17
3968.825 4.4734e-17
3970.35 5.0725e-17
3971.875 5.434e-17
3973.4 4.9852e-17
3974.925 6.0345e-17
3976.45 6.2121e-17
3977.975 6.0042e-17
3979.5 4.3363e-17
3981.025 5.1755e-17
3982.55 5.5228e-17
3984.075 4.8713e-17
3985.6 6.1776e-17
3987.125 5.2821e-17
3988.65 5.175e-17
3990.175 5.1865e-17
3991.7 5.435e-17
3993.225 4.9223e-17
3994.75 5.6431e-17
3996.275 4.4637e-17
3997.8 5.2429e-17
3999.325 6.3338e-17
4000.85 6.2818e-17
4002.375 6.2706e-17
4003.9 6.5711e-17
4005.425 6.1499e-17
4006.95 6.5353e-17
4008.475 7.0602e-17
4010.0 3.3422e-17
4011.525 4.4703e-17
4013.05 5.736e-17
4014.575 6.4358e-17
4016.1 5.6449e-17
4017.625 5.0257e-17
4019.15 6.2291e-17
4020.675 6.0368e-17
4022.2 6.0101e-17
4023.725 5.6055e-17
4025.25 5.581e-17
4026.775 5.4973e-17
4028.3 6.0524e-17
4029.825 6.0025e-17
4031.35 5.8573e-17
4032.875 4.8604e-17
4034.4 5.175e-17
4035.925 5.7103e-17
4037.45 6.0959e-17
4038.975 4.749e-17
4040.5 4.7545e-17
4042.025 4.9819e-17
4043.55 5.1655e-17
4045.075 4.4192e-17
4046.6 5.9798e-17
4048.125 4.8312e-17
4049.65 4.0245e-17
4051.175 6.1481e-17
4052.7 5.2734e-17
4054.225 5.0108e-17
4055.75 5.2513e-17
4057.275 5.3427e-17
4058.8 5.8167e-17
4060.325 5.9186e-17
4061.85 5.6826e-17
4063.375 5.5611e-17
4064.9 5.8443e-17
4066.425 5.3096e-17
4067.95 6.2326e-17
4069.475 5.6926e-17
4071.0 5.7542e-17
4072.525 5.6768e-17
4074.05 5.2467e-17
4075.575 7.0912e-17
4077.1 6.3127e-17
4078.625 5.7357e-17
4080.15 5.8886e-17
4081.675 5.9479e-17
4083.2 5.1081e-17
4084.725 4.6392e-17
4086.25 4.6982e-17
4087.775 5.809e-17
4089.3 6.678e-17
4090.825 6.0242e-17
4092.35 6.3096e-17
4093.875 5.8682e-17
4095.4 5.9285e-17
4096.925 6.4487e-17
4098.45 6.1737e-17
4099.975 6.3038e-17
4101.5 5.2023e-17
4103.025 5.0499e-17
4104.55 5.8233e-17
4106.075 5.0151e-17
4107.6 5.5737e-17
4109.125 5.9947e-17
4110.65 5.9057e-17
4112.175 5.061e-17
4113.7 4.5371e-17
4115.225 4.4645e-17
4116.75 5.106e-17
4118.275 4.7178e-17
4119.8 4.7322e-17
4121.325 5.3875e-17
4122.85 5.7031e-17
4124.375 5.7984e-17
4125.9 5.4884e-17
4127.425 5.1309e-17
4128.95 5.7157e-17
4130.475 6.0206e-17
4132.0 6.2184e-17
4133.525 6.6724e-17
4135.05 6.4703e-17
4136.575 6.2196e-17
4138.1 5.9737e-17
4139.625 5.6413e-17
4141.15 5.757e-17
4142.675 5.3377e-17
4144.2 5.5198e-17
4145.725 7.0184e-17
4147.25 7.162e-17
4148.775 6.6688e-17
4150.3 6.5308e-17
4151.825 6.7625e-17
4153.35 6.4365e-17
4154.875 6.0074e-17
4156.4 6.332e-17
4157.925 5.2389e-17
4159.45 5.3095e-17
4160.975 5.9446e-17
4162.5 6.163e-17
4164.025 6.6718e-17
4165.55 7.144e-17
4167.075 6.5493e-17
4168.6 6.5313e-17
4170.125 6.9119e-17
4171.65 6.7803e-17
4173.175 6.327e-17
4174.7 6.1209e-17
4176.225 6.5333e-17
4177.75 6.0886e-17
4179.275 6.4248e-17
4180.8 6.2815e-17
4182.325 6.3364e-17
4183.85 5.6441e-17
4185.375 5.8378e-17
4186.9 7.1287e-17
4188.425 7.0156e-17
4189.95 6.5487e-17
4191.475 6.443e-17
4193.0 6.7659e-17
4194.525 7.1725e-17
4196.05 7.0553e-17
4197.575 6.7521e-17
4199.1 6.744e-17
4200.625 7.5577e-17
4202.15 7.7137e-17
4203.675 6.7642e-17
4205.2 6.4543e-17
4206.725 6.2216e-17
4208.25 6.2137e-17
4209.775 6.3375e-17
4211.3 6.4952e-17
4212.825 6.1425e-17
4214.35 6.9978e-17
4215.875 6.9443e-17
4217.4 6.4119e-17
4218.925 5.9203e-17
4220.45 5.9856e-17
4221.975 4.8703e-17
4223.5 4.8678e-17
4225.025 6.206e-17
4226.55 7.6708e-17
4228.075 7.7729e-17
4229.6 6.9949e-17
4231.125 6.8075e-17
4232.65 6.53e-17
4234.175 6.4644e-17
4235.7 6.2161e-17
4237.225 6.3449e-17
4238.75 6.3481e-17
4240.275 6.0111e-17
4241.8 6.1258e-17
4243.325 6.2431e-17
4244.85 7.3788e-17
4246.375 7.3689e-17
4247.9 7.6224e-17
4249.425 5.9789e-17
4250.95 5.3883e-17
4252.475 5.7364e-17
4254.0 6.7968e-17
4255.525 5.8076e-17
4257.05 5.7596e-17
4258.575 5.8501e-17
4260.1 4.9939e-17
4261.625 4.7356e-17
4263.15 5.759e-17
4264.675 5.6897e-17
4266.2 6.0898e-17
4267.725 6.175e-17
4269.25 6.2199e-17
4270.775 6.5452e-17
4272.3 6.8528e-17
4273.825 7.8643e-17
4275.35 7.8205e-17
4276.875 6.5717e-17
4278.4 7.1215e-17
4279.925 7.7318e-17
4281.45 7.1668e-17
4282.975 7.1839e-17
4284.5 6.9793e-17
4286.025 6.273e-17
4287.55 6.8868e-17
4289.075 6.826e-17
4290.6 6.2736e-17
4292.125 6.6064e-17
4293.65 6.3996e-17
4295.175 7.2255e-17
4296.7 6.2361e-17
4298.225 6.7092e-17
4299.75 6.1961e-17
4301.275 5.9767e-17
4302.8 6.8234e-17
4304.325 6.6058e-17
4305.85 6.1931e-17
4307.375 6.5251e-17
4308.9 6.482e-17
4310.425 7.4231e-17
4311.95 7.761e-17
4313.475 7.79e-17
4315.0 6.9748e-17
4316.525 7.4922e-17
4318.05 6.7884e-17
4319.575 6.8919e-17
4321.1 7.5597e-17
4322.625 7.6201e-17
4324.15 8.8594e-17
4325.675 8.0007e-17
4327.2 6.3979e-17
4328.725 6.8245e-17
4330.25 6.8105e-17
4331.775 6.7816e-17
4333.3 7.0322e-17
4334.825 6.8101e-17
4336.35 6.2969e-17
4337.875 6.6981e-17
4339.4 7.2805e-17
4340.925 6.9718e-17
4342.45 7.0853e-17
4343.975 6.8085e-17
4345.5 7.3194e-17
4347.025 6.9483e-17
4348.55 6.8094e-17
4350.075 6.7728e-17
4351.6 6.7151e-17
4353.125 6.4096e-17
4354.65 6.4183e-17
4356.175 6.6079e-17
4357.7 9.6216e-17
4359.225 8.539e-17
4360.75 6.2751e-17
4362.275 5.6377e-17
4363.8 6.6406e-17
4365.325 6.8339e-17
4366.85 7.1273e-17
4368.375 7.3264e-17
4369.9 7.9441e-17
4371.425 7.557e-17
4372.95 7.6454e-17
4374.475 7.1167e-17
4376.0 7.5223e-17
4377.525 7.687e-17
4379.05 7.9765e-17
4380.575 8.3043e-17
4382.1 8.5122e-17
4383.625 6.8047e-17
4385.15 7.23e-17
4386.675 8.1771e-17
4388.2 7.4562e-17
4389.725 6.0241e-17
4391.25 6.9945e-17
4392.775 7.7896e-17
4394.3 7.4494e-17
4395.825 7.8267e-17
4397.35 6.125e-17
4398.875 5.5453e-17
4400.4 7.9397e-17
4401.925 7.7049e-17
4403.45 7.0346e-17
4404.975 7.9734e-17
4406.5 7.1015e-17
4408.025 7.0488e-17
4409.55 7.3812e-17
4411.075 7.2437e-17
4412.6 7.0604e-17
4414.125 7.5413e-17
4415.65 7.9654e-17
4417.175 7.3839e-17
4418.7 7.3536e-17
4420.225 7.4009e-17
4421.75 7.8686e-17
4423.275 8.2187e-17
4424.8 7.2264e-17
4426.325 7.2862e-17
4427.85 7.5663e-17
4429.375 7.5479e-17
4430.9 6.9731e-17
4432.425 8.3048e-17
4433.95 7.7393e-17
4435.475 7.17e-17
4437.0 6.7637e-17
4438.525 8.1275e-17
4440.05 8.1255e-17
4441.575 6.956e-17
4443.1 5.9766e-17
4444.625 6.4717e-17
4446.15 7.7601e-17
4447.675 7.0274e-17
4449.2 7.0899e-17
4450.725 6.535e-17
4452.25 7.3102e-17
4453.775 8.7062e-17
4455.3 6.6309e-17
4456.825 6.2435e-17
4458.35 7.7073e-17
4459.875 7.4011e-17
4461.4 8.109e-17
4462.925 8.429e-17
4464.45 8.7387e-17
4465.975 7.2474e-17
4467.5 7.9278e-17
4469.025 8.5843e-17
4470.55 8.2345e-17
4472.075 8.3011e-17
4473.6 8.3505e-17
4475.125 7.4303e-17
4476.65 7.4976e-17
4478.175 7.6774e-17
4479.7 7.9828e-17
4481.225 8.2896e-17
4482.75 7.6423e-17
4484.275 6.8956e-17
4485.8 6.7813e-17
4487.325 7.7557e-17
4488.85 8.2677e-17
4490.375 6.0643e-17
4491.9 6.4484e-17
4493.425 7.6844e-17
4494.95 7.2585e-17
4496.475 7.7117e-17
4498.0 7.4794e-17
4499.525 6.6797e-17
4501.05 8.0369e-17
4502.575 7.5857e-17
4504.1 7.523e-17
4505.625 6.6484e-17
4507.15 8.3197e-17
4508.675 7.2856e-17
4510.2 6.8162e-17
4511.725 7.791e-17
4513.25 7.7792e-17
4514.775 6.9453e-17
4516.3 7.7253e-17
4517.825 7.3658e-17
4519.35 7.408e-17
4520.875 8.2653e-17
4522.4 7.538e-17
4523.925 7.2313e-17
4525.45 6.801e-17
4526.975 7.2297e-17
4528.5 7.0604e-17
4530.025 7.0006e-17
4531.55 6.7182e-17
4533.075 8.2091e-17
4534.6 7.4372e-17
4536.125 6.3408e-17
4537.65 6.3878e-17
4539.175 7.4061e-17
4540.7 7.5121e-17
4542.225 8.3918e-17
4543.75 7.8054e-17
4545.275 9.5671e-17
4546.8 6.7879e-17
4548.325 7.2443e-17
4549.85 6.9336e-17
4551.375 6.9507e-17
4552.9 8.1687e-17
4554.425 8.1814e-17
4555.95 7.6407e-17
4557.475 6.3555e-17
4559.0 7.8923e-17
4560.525 6.901e-17
4562.05 7.0078e-17
4563.575 6.5399e-17
4565.1 6.8582e-17
4566.625 7.2408e-17
4568.15 6.9724e-17
4569.675 7.445e-17
4571.2 8.1373e-17
4572.725 6.6248e-17
4574.25 7.0166e-17
4575.775 6.597e-17
4577.3 8.3356e-17
4578.825 8.673e-17
4580.35 8.9555e-17
4581.875 7.7769e-17
4583.4 6.6909e-17
4584.925 6.4823e-17
4586.45 6.4243e-17
4587.975 7.2681e-17
4589.5 7.8649e-17
4591.025 6.6426e-17
4592.55 6.9777e-17
4594.075 7.546e-17
4595.6 7.3279e-17
4597.125 7.3627e-17
4598.65 7.2911e-17
4600.175 7.6534e-17
4601.7 6.8126e-17
4603.225 6.3143e-17
4604.75 5.9133e-17
4606.275 5.3288e-17
4607.8 6.4341e-17
4609.325 7.0054e-17
4610.85 6.135e-17
4612.375 5.8896e-17
4613.9 6.6414e-17
4615.425 6.6909e-17
4616.95 6.2825e-17
4618.475 6.2235e-17
4620.0 6.2442e-17
4621.525 7.0342e-17
4623.05 6.3858e-17
4624.575 5.1175e-17
4626.1 6.5975e-17
4627.625 7.9014e-17
4629.15 7.9162e-17
4630.675 7.6095e-17
4632.2 7.5426e-17
4633.725 8.4729e-17
4635.25 7.206e-17
4636.775 8.28e-17
4638.3 8.7093e-17
4639.825 7.7694e-17
4641.35 6.8363e-17
4642.875 6.6355e-17
4644.4 7.6227e-17
4645.925 7.5989e-17
4647.45 7.0934e-17
4648.975 7.2435e-17
4650.5 5.735e-17
4652.025 7.2854e-17
4653.55 7.706e-17
4655.075 8.1248e-17
4656.6 6.0076e-17
4658.125 6.1102e-17
4659.65 7.7111e-17
4661.175 6.9024e-17
4662.7 7.0043e-17
4664.225 7.3812e-17
4665.75 7.3752e-17
4667.275 6.6084e-17
4668.8 7.1501e-17
4670.325 7.5224e-17
4671.85 7.2363e-17
4673.375 6.1479e-17
4674.9 6.7546e-17
4676.425 8.0678e-17
4677.95 8.2292e-17
4679.475 7.2863e-17
4681.0 6.6614e-17
4682.525 6.6161e-17
4684.05 6.8686e-17
4685.575 7.564e-17
4687.1 8.0094e-17
4688.625 6.8661e-17
4690.15 7.7576e-17
4691.675 7.7873e-17
4693.2 6.2848e-17
4694.725 6.823e-17
4696.25 7.888e-17
4697.775 6.8093e-17
4699.3 6.5272e-17
4700.825 8.4697e-17
4702.35 7.6369e-17
4703.875 7.4647e-17
4705.4 6.4816e-17
4706.925 7.6752e-17
4708.45 7.0647e-17
4709.975 6.9519e-17
4711.5 7.6042e-17
4713.025 8.0577e-17
4714.55 8.1545e-17
4716.075 7.9979e-17
4717.6 8.5429e-17
4719.125 9.0814e-17
4720.65 8.4879e-17
4722.175 7.9943e-17
4723.7 7.8433e-17
4725.225 6.5732e-17
4726.75 6.9968e-17
4728.275 9.0577e-17
4729.8 7.9394e-17
4731.325 6.8613e-17
4732.85 7.6527e-17
4734.375 8.3664e-17
4735.9 8.3868e-17
4737.425 8.0945e-17
4738.95 8.9475e-17
4740.475 8.0466e-17
4742.0 8.0643e-17
4743.525 7.8913e-17
4745.05 7.341e-17
4746.575 7.3495e-17
4748.1 7.8206e-17
4749.625 8.4301e-17
4751.15 7.7706e-17
4752.675 8.3862e-17
4754.2 8.0828e-17
4755.725 8.0309e-17
4757.25 8.3933e-17
4758.775 7.7236e-17
4760.3 7.9479e-17
4761.825 7.8915e-17
4763.35 8.3709e-17
4764.875 7.5343e-17
4766.4 7.1495e-17
4767.925 7.9057e-17
4769.45 8.5092e-17
4770.975 7.8226e-17
4772.5 7.7839e-17
4774.025 9.193e-17
4775.55 9.0418e-17
4777.075 8.3775e-17
4778.6 7.3669e-17
4780.125 8.337e-17
4781.65 8.0971e-17
4783.175 8.0332e-17
4784.7 7.7351e-17
4786.225 8.503e-17
4787.75 8.5757e-17
4789.275 8.0871e-17
4790.8 8.1371e-17
4792.325 8.3449e-17
4793.85 8.6504e-17
4795.375 8.5243e-17
4796.9 8.0567e-17
4798.425 8.5499e-17
4799.95 7.8406e-17
4801.475 8.1302e-17
4803.0 9.0098e-17
4804.525 9.0196e-17
4806.05 7.679e-17
4807.575 7.7812e-17
4809.1 7.9394e-17
4810.625 7.7409e-17
4812.15 7.6488e-17
4813.675 7.912e-17
4815.2 8.1916e-17
4816.725 8.6922e-17
4818.25 8.3824e-17
4819.775 8.0895e-17
4821.3 7.9777e-17
4822.825 8.716e-17
4824.35 9.7114e-17
4825.875 8.1738e-17
4827.4 8.0748e-17
4828.925 9.4974e-17
4830.45 7.6825e-17
4831.975 7.9279e-17
4833.5 9.8057e-17
4835.025 9.0128e-17
4836.55 8.6935e-17
4838.075 8.2498e-17
4839.6 9.4421e-17
4841.125 1.0418e-16
4842.65 9.5706e-17
4844.175 8.706e-17
4845.7 8.5098e-17
4847.225 8.1109e-17
4848.75 8.4445e-17
4850.275 9.0653e-17
4851.8 8.5075e-17
4853.325 9.2254e-17
4854.85 8.4491e-17
4856.375 8.241e-17
4857.9 9.0106e-17
4859.425 8.4036e-17
4860.95 8.8357e-17
4862.475 9.036e-17
4864.0 8.6072e-17
4865.525 8.6667e-17
4867.05 8.3488e-17
4868.575 8.8515e-17
4870.1 1.019e-16
4871.625 9.5667e-17
4873.15 8.8119e-17
4874.675 8.5075e-17
4876.2 8.6566e-17
4877.725 9.7278e-17
4879.25 9.0167e-17
4880.775 9.1852e-17
4882.3 8.55e-17
4883.825 8.0282e-17
4885.35 9.2178e-17
4886.875 9.3061e-17
4888.4 9.0516e-17
4889.925 8.0948e-17
4891.45 8.0651e-17
4892.975 8.5706e-17
4894.5 9.1767e-17
4896.025 9.6968e-17
4897.55 8.6034e-17
4899.075 9.4342e-17
4900.6 8.8312e-17
4902.125 8.1976e-17
4903.65 8.6873e-17
4905.175 9.0027e-17
4906.7 9.8134e-17
4908.225 8.2941e-17
4909.75 8.4794e-17
4911.275 8.6909e-17
4912.8 8.3922e-17
4914.325 8.938e-17
4915.85 9.7584e-17
4917.375 9.4047e-17
4918.9 8.4698e-17
4920.425 9.0754e-17
4921.95 9.5999e-17
4923.475 9.432e-17
4925.0 9.7472e-17
4926.525 8.292e-17
4928.05 8.097e-17
4929.575 8.5305e-17
4931.1 8.1374e-17
4932.625 8.2951e-17
4934.15 8.9468e-17
4935.675 7.9596e-17
4937.2 8.8325e-17
4938.725 9.3715e-17
4940.25 8.9228e-17
4941.775 9.1022e-17
4943.3 9.3186e-17
4944.825 9.0046e-17
4946.35 8.1323e-17
4947.875 9.2746e-17
4949.4 9.3324e-17
4950.925 8.5431e-17
4952.45 9.3741e-17
4953.975 8.7267e-17
4955.5 8.5423e-17
4957.025 8.3808e-17
4958.55 8.2195e-17
4960.075 8.7611e-17
4961.6 9.0654e-17
4963.125 8.8491e-17
4964.65 9.0791e-17
4966.175 8.4836e-17
4967.7 8.7242e-17
4969.225 8.563e-17
4970.75 8.6625e-17
4972.275 8.0677e-17
4973.8 8.6015e-17
4975.325 8.8392e-17
4976.85 7.527e-17
4978.375 8.0237e-17
4979.9 8.2361e-17
4981.425 8.1704e-17
4982.95 8.5924e-17
4984.475 8.4611e-17
4986.0 8.324e-17
4987.525 7.3978e-17
4989.05 7.6938e-17
4990.575 8.0207e-17
4992.1 8.198e-17
4993.625 8.5014e-17
4995.15 8.4851e-17
4996.675 8.1529e-17
4998.2 7.8657e-17
4999.725 8.4311e-17
5001.25 7.6778e-17
5002.775 8.0631e-17
5004.3 9.0404e-17
5005.825 9.1639e-17
5007.35 8.3567e-17
5008.875 7.5085e-17
5010.4 8.7194e-17
5011.925 8.5652e-17
5013.45 8.0856e-17
5014.975 9.2924e-17
5016.5 8.6097e-17
5018.025 8.4604e-17
5019.55 9.0398e-17
5021.075 8.7318e-17
5022.6 8.3269e-17
5024.125 7.7842e-17
5025.65 7.6723e-17
5027.175 8.0361e-17
5028.7 7.4161e-17
5030.225 7.6339e-17
5031.75 8.5057e-17
5033.275 8.3363e-17
5034.8 8.1167e-17
5036.325 8.9419e-17
5037.85 8.9334e-17
5039.375 8.6531e-17
5040.9 7.7483e-17
5042.425 6.8556e-17
5043.95 8.3974e-17
5045.475 8.0977e-17
5047.0 8.0939e-17
5048.525 8.3473e-17
5050.05 8.1194e-17
5051.575 7.228e-17
5053.1 7.9766e-17
5054.625 7.5621e-17
5056.15 7.4597e-17
5057.675 7.6776e-17
5059.2 7.3105e-17
5060.725 7.428e-17
5062.25 7.7118e-17
5063.775 8.3824e-17
5065.3 7.441e-17
5066.825 8.0092e-17
5068.35 8.655e-17
5069.875 7.5435e-17
5071.4 7.6823e-17
5072.925 8.4863e-17
5074.45 7.0829e-17
5075.975 6.3611e-17
5077.5 7.1639e-17
5079.025 8.2307e-17
5080.55 8.0528e-17
5082.075 7.7031e-17
5083.6 8.01e-17
5085.125 8.1416e-17
5086.65 8.7129e-17
5088.175 8.5865e-17
5089.7 7.4267e-17
5091.225 8.0946e-17
5092.75 9.4697e-17
5094.275 8.4916e-17
5095.8 6.7958e-17
5097.325 7.7056e-17
5098.85 8.0168e-17
5100.375 7.8661e-17
5101.9 7.5573e-17
5103.425 7.4114e-17
5104.95 7.374e-17
5106.475 7.9522e-17
5108.0 8.5294e-17
5109.525 8.4489e-17
5111.05 7.4876e-17
5112.575 7.1105e-17
5114.1 8.4792e-17
5115.625 7.3013e-17
5117.15 8.4747e-17
5118.675 8.3679e-17
5120.2 7.9347e-17
5121.725 7.7801e-17
5123.25 8.2495e-17
5124.775 8.0463e-17
5126.3 8.758e-17
5127.825 8.5603e-17
5129.35 9.1981e-17
5130.875 8.3701e-17
5132.4 8.6831e-17
5133.925 8.2213e-17
5135.45 7.7107e-17
5136.975 7.8386e-17
5138.5 7.9222e-17
5140.025 8.6484e-17
5141.55 8.8413e-17
5143.075 7.3011e-17
5144.6 7.4683e-17
5146.125 9.2694e-17
5147.65 8.5863e-17
5149.175 8.3758e-17
5150.7 8.7109e-17
5152.225 8.2512e-17
5153.75 8.9146e-17
5155.275 8.4843e-17
5156.8 8.1508e-17
5158.325 8.2445e-17
5159.85 7.304e-17
5161.375 7.7992e-17
5162.9 7.7433e-17
5164.425 7.6179e-17
5165.95 7.8576e-17
5167.475 7.5758e-17
5169.0 8.3607e-17
5170.525 7.9795e-17
5172.05 7.9088e-17
5173.575 9.3844e-17
5175.1 9.2528e-17
5176.625 7.8108e-17
5178.15 6.6238e-17
5179.675 8.2422e-17
5181.2 7.9707e-17
5182.725 8.5404e-17
5184.25 8.8882e-17
5185.775 8.3753e-17
5187.3 9.4408e-17
5188.825 8.6502e-17
5190.35 8.0454e-17
5191.875 7.4267e-17
5193.4 7.2045e-17
5194.925 7.5294e-17
5196.45 7.9931e-17
5197.975 8.9714e-17
5199.5 8.1125e-17
5201.025 7.5249e-17
5202.55 8.387e-17
5204.075 9.2638e-17
5205.6 8.3394e-17
5207.125 8.8088e-17
5208.65 7.6042e-17
5210.175 7.1426e-17
5211.7 7.9623e-17
5213.225 7.5519e-17
5214.75 7.561e-17
5216.275 8.4162e-17
5217.8 8.7144e-17
5219.325 8.0691e-17
5220.85 7.7822e-17
5222.375 7.7474e-17
5223.9 8.0966e-17
5225.425 7.538e-17
5226.95 7.9611e-17
5228.475 8.4872e-17
5230.0 8.6665e-17
5231.525 7.8791e-17
5233.05 8.6105e-17
5234.575 7.4073e-17
5236.1 6.8161e-17
5237.625 7.377e-17
5239.15 8.8752e-17
5240.675 8.9452e-17
5242.2 7.4019e-17
5243.725 7.9069e-17
5245.25 7.8989e-17
5246.775 7.2306e-17
5248.3 7.9977e-17
5249.825 8.2646e-17
5251.35 8.3377e-17
5252.875 7.7961e-17
5254.4 7.3464e-17
5255.925 8.1779e-17
5257.45 7.9517e-17
5258.975 7.4233e-17
5260.5 7.9266e-17
5262.025 7.5022e-17
5263.55 8.324e-17
5265.075 8.4469e-17
5266.6 8.3585e-17
5268.125 7.7564e-17
5269.65 7.9981e-17
5271.175 7.74e-17
5272.7 8.448e-17
5274.225 9.089e-17
5275.75 8.9894e-17
5277.275 9.3588e-17
5278.8 8.2069e-17
5280.325 8.129e-17
5281.85 7.5046e-17
5283.375 8.0847e-17
5284.9 8.7311e-17
5286.425 8.9724e-17
5287.95 8.3713e-17
5289.475 7.7403e-17
5291.0 7.8973e-17
5292.525 9.1524e-17
5294.05 7.6842e-17
5295.575 7.6093e-17
5297.1 7.9785e-17
5298.625 8.2945e-17
5300.15 8.6834e-17
5301.675 7.1612e-17
5303.2 7.3587e-17
5304.725 9.0097e-17
5306.25 8.9777e-17
5307.775 8.0532e-17
5309.3 7.6013e-17
5310.825 7.6233e-17
5312.35 9.025e-17
5313.875 8.7359e-17
5315.4 8.3955e-17
5316.925 8.348e-17
5318.45 7.304e-17
5319.975 7.3526e-17
5321.5 9.2828e-17
5323.025 8.0543e-17
5324.55 7.7669e-17
5326.075 9.4276e-17
5327.6 8.8734e-17
5329.125 9.0597e-17
5330.65 8.7368e-17
5332.175 7.2964e-17
5333.7 8.4136e-17
5335.225 9.371e-17
5336.75 9.9178e-17
5338.275 1.0712e-16
5339.8 9.4761e-17
5341.325 8.7838e-17
5342.85 7.8533e-17
5344.375 8.1604e-17
5345.9 8.8632e-17
5347.425 8.8665e-17
5348.95 8.9386e-17
5350.475 8.7598e-17
5352.0 8.63e-17
5353.525 8.4156e-17
5355.05 9.5351e-17
5356.575 9.7262e-17
5358.1 9.5798e-17
5359.625 8.4668e-17
5361.15 8.4825e-17
5362.675 8.0292e-17
5364.2 8.5786e-17
5365.725 9.6268e-17
5367.25 9.6772e-17
5368.775 9.5604e-17
5370.3 9.8806e-17
5371.825 8.3568e-17
5373.35 7.9084e-17
5374.875 8.2914e-17
5376.4 9.2673e-17
5377.925 9.5672e-17
5379.45 9.5485e-17
5380.975 8.9328e-17
5382.5 7.9484e-17
5384.025 7.8992e-17
5385.55 7.3981e-17
5387.075 8.4974e-17
5388.6 9.9319e-17
5390.125 1.0678e-16
5391.65 9.2058e-17
5393.175 7.93e-17
5394.7 8.4674e-17
5396.225 8.0602e-17
5397.75 7.3064e-17
5399.275 8.0475e-17
5400.8 7.3141e-17
5402.325 8.5946e-17
5403.85 9.4143e-17
5405.375 1.0025e-16
5406.9 8.6209e-17
5408.425 9.9929e-17
5409.95 8.8447e-17
5411.475 9.1294e-17
5413.0 9.2156e-17
5414.525 8.1936e-17
5416.05 7.2248e-17
5417.575 8.3235e-17
5419.1 1.016e-16
5420.625 9.6199e-17
5422.15 9.0573e-17
5423.675 9.2668e-17
5425.2 8.7825e-17
5426.725 8.5782e-17
5428.25 8.2349e-17
5429.775 1.0041e-16
5431.3 9.9128e-17
5432.825 9.1316e-17
5434.35 8.8512e-17
5435.875 9.5346e-17
5437.4 9.5351e-17
5438.925 7.8559e-17
5440.45 7.9728e-17
5441.975 8.6008e-17
5443.5 9.0843e-17
5445.025 8.655e-17
5446.55 9.1047e-17
5448.075 1.0089e-16
5449.6 9.5718e-17
5451.125 9.6381e-17
5452.65 9.568e-17
5454.175 1.0782e-16
5455.7 9.0316e-17
5457.225 7.8704e-17
5458.75 1.0228e-16
5460.275 1.0907e-16
5461.8 9.946e-17
5463.325 9.0048e-17
5464.85 7.5769e-17
5466.375 9.8116e-17
5467.9 1.008e-16
5469.425 9.3328e-17
5470.95 1.0473e-16
5472.475 1.0577e-16
5474.0 7.8963e-17
5475.525 8.7638e-17
5477.05 9.4272e-17
5478.575 9.8175e-17
5480.1 1.025e-16
5481.625 9.2844e-17
5483.15 8.3234e-17
5484.675 7.4809e-17
5486.2 1.0782e-16
5487.725 1.074e-16
5489.25 8.6336e-17
5490.775 1.093e-16
5492.3 9.8256e-17
5493.825 1.1096e-16
5495.35 1.105e-16
5496.875 1.1746e-16
5498.4 1.1512e-16
5499.925 9.8064e-17
5501.45 1.0262e-16
5502.975 1.0393e-16
5504.5 1.0718e-16
5506.025 1.0639e-16
5507.55 9.9035e-17
5509.075 1.0194e-16
5510.6 1.0363e-16
5512.125 1.002e-16
5513.65 9.1055e-17
5515.175 1.0514e-16
5516.7 1.1223e-16
5518.225 9.725e-17
5519.75 8.8182e-17
5521.275 1.0115e-16
5522.8 1.0496e-16
5524.325 1.0538e-16
5525.85 1.0857e-16
5527.375 1.0852e-16
5528.9 1.0929e-16
5530.425 1.0648e-16
5531.95 9.9797e-17
5533.475 1.1536e-16
5535.0 1.0974e-16
5536.525 1.0646e-16
5538.05 1.0461e-16
5539.575 1.036e-16
5541.1 1.1241e-16
5542.625 1.1091e-16
5544.15 1.0944e-16
5545.675 1.0473e-16
5547.2 1.112e-16
5548.725 1.1923e-16
5550.25 1.1952e-16
5551.775 1.0794e-16
5553.3 1.0689e-16
5554.825 1.1576e-16
5556.35 1.158e-16
5557.875 1.1779e-16
5559.4 1.1578e-16
5560.925 1.0711e-16
5562.45 1.0193e-16
5563.975 1.1414e-16
5565.5 1.0194e-16
5567.025 9.1303e-17
5568.55 9.9461e-17
5570.075 9.9212e-17
5571.6 1.1041e-16
5573.125 1.2588e-16
5574.65 1.3689e-16
5576.175 1.5951e-16
5577.7 1.573e-16
5579.225 1.3318e-16
5580.75 9.2653e-17
5582.275 1.0227e-16
5583.8 1.1901e-16
5585.325 9.969e-17
5586.85 9.7505e-17
5588.375 1.0988e-16
5589.9 1.1354e-16
5591.425 1.211e-16
5592.95 1.1507e-16
5594.475 1.1152e-16
5596.0 1.0895e-16
5597.525 1.2083e-16
5599.05 1.2646e-16
5600.575 1.1753e-16
5602.1 1.1002e-16
5603.625 1.0852e-16
5605.15 1.1578e-16
5606.675 1.0961e-16
5608.2 1.0683e-16
5609.725 1.1349e-16
5611.25 1.2247e-16
5612.775 1.134e-16
5614.3 1.1049e-16
5615.825 1.2027e-16
5617.35 1.1587e-16
5618.875 1.2463e-16
5620.4 1.1799e-16
5621.925 1.0917e-16
5623.45 1.103e-16
5624.975 1.2193e-16
5626.5 1.2908e-16
5628.025 1.1833e-16
5629.55 1.0367e-16
5631.075 1.0952e-16
5632.6 1.1655e-16
5634.125 1.2017e-16
5635.65 1.1348e-16
5637.175 1.1573e-16
5638.7 1.1306e-16
5640.225 1.108e-16
5641.75 1.0747e-16
5643.275 1.0827e-16
5644.8 1.0159e-16
5646.325 9.5981e-17
5647.85 1.0712e-16
5649.375 1.0693e-16
5650.9 1.0881e-16
5652.425 1.0092e-16
5653.95 9.9935e-17
5655.475 9.7785e-17
5657.0 1.0202e-16
5658.525 1.0364e-16
5660.05 9.7533e-17
5661.575 9.2833e-17
5663.1 9.5024e-17
5664.625 9.2309e-17
5666.15 9.4626e-17
5667.675 1.0521e-16
5669.2 1.0545e-16
5670.725 1.1085e-16
5672.25 1.1601e-16
5673.775 1.17e-16
5675.3 1.0888e-16
5676.825 1.061e-16
5678.35 1.0705e-16
5679.875 1.0256e-16
5681.4 8.9487e-17
5682.925 1.058e-16
5684.45 1.0634e-16
5685.975 1.0918e-16
5687.5 1.132e-16
5689.025 1.0485e-16
5690.55 1.0049e-16
5692.075 1.0559e-16
5693.6 1.0745e-16
5695.125 1.0622e-16
5696.65 1.0468e-16
5698.175 9.83e-17
5699.7 9.8886e-17
5701.225 9.5613e-17
5702.75 1.1066e-16
5704.275 1.1189e-16
5705.8 1.0266e-16
5707.325 9.3407e-17
5708.85 1.0594e-16
5710.375 1.1112e-16
5711.9 9.6552e-17
5713.425 9.3472e-17
5714.95 9.2779e-17
5716.475 8.9265e-17
5718.0 1.0015e-16
5719.525 1.0261e-16
5721.05 9.9462e-17
5722.575 9.7945e-17
5724.1 8.6479e-17
5725.625 8.7223e-17
5727.15 8.9529e-17
5728.675 9.9185e-17
5730.2 1.0377e-16
5731.725 9.7339e-17
5733.25 9.7737e-17
5734.775 1.0238e-16
5736.3 9.7005e-17
5737.825 9.1147e-17
5739.35 1.0016e-16
5740.875 1.0032e-16
5742.4 1.0442e-16
5743.925 1.0833e-16
5745.45 1.0092e-16
5746.975 9.989e-17
5748.5 1.0411e-16
5750.025 1.0251e-16
5751.55 1.0092e-16
5753.075 9.7565e-17
5754.6 1.0188e-16
5756.125 1.0503e-16
5757.65 1.0441e-16
5759.175 1.0197e-16
5760.7 9.3727e-17
5762.225 9.4985e-17
5763.75 1.0101e-16
5765.275 1.011e-16
5766.8 9.7417e-17
5768.325 9.2137e-17
5769.85 9.66e-17
5771.375 1.008e-16
5772.9 9.7473e-17
5774.425 9.597e-17
5775.95 9.8072e-17
5777.475 9.9935e-17
5779.0 9.9124e-17
5780.525 1.0173e-16
5782.05 1.0166e-16
5783.575 9.3541e-17
5785.1 9.5726e-17
5786.625 9.7174e-17
5788.15 1.0163e-16
5789.675 1.0292e-16
5791.2 1.0671e-16
5792.725 1.1307e-16
5794.25 9.7563e-17
5795.775 8.5416e-17
5797.3 9.2022e-17
5798.825 9.1697e-17
5800.35 9.5622e-17
5801.875 9.3359e-17
5803.4 9.0195e-17
5804.925 8.7489e-17
5806.45 8.8203e-17
5807.975 9.8464e-17
5809.5 9.9661e-17
5811.025 9.2974e-17
5812.55 1.0387e-16
5814.075 1.0115e-16
5815.6 9.3136e-17
5817.125 9.7007e-17
5818.65 1.054e-16
5820.175 9.7952e-17
5821.7 9.5292e-17
5823.225 9.9568e-17
5824.75 1.0233e-16
5826.275 1.0833e-16
5827.8 1.0438e-16
5829.325 9.9982e-17
5830.85 1.0255e-16
5832.375 1.083e-16
5833.9 1.0867e-16
5835.425 1.0142e-16
5836.95 9.7923e-17
5838.475 9.791e-17
5840.0 1.0284e-16
5841.525 1.063e-16
5843.05 9.5371e-17
5844.575 8.9498e-17
5846.1 9.4417e-17
5847.625 9.207e-17
5849.15 9.3015e-17
5850.675 9.9659e-17
5852.2 1.0414e-16
5853.725 9.8162e-17
5855.25 9.5868e-17
5856.775 9.2804e-17
5858.3 9.4536e-17
5859.825 9.975e-17
5861.35 1.0144e-16
5862.875 9.791e-17
5864.4 9.0788e-17
5865.925 8.9293e-17
5867.45 8.1061e-17
5868.975 8.9983e-17
5870.5 9.6421e-17
5872.025 8.4488e-17
5873.55 8.5154e-17
5875.075 9.5408e-17
5876.6 1.0171e-16
5878.125 1.0583e-16
5879.65 1.0393e-16
5881.175 9.9519e-17
5882.7 9.8061e-17
5884.225 1.0075e-16
5885.75 1.0464e-16
5887.275 9.5281e-17
5888.8 8.3552e-17
5890.325 8.9132e-17
5891.85 8.6726e-17
5893.375 9.6439e-17
5894.9 1.0054e-16
5896.425 9.3432e-17
5897.95 7.9586e-17
5899.475 7.065e-17
5901.0 8.3528e-17
5902.525 8.9839e-17
5904.05 8.9306e-17
5905.575 8.651e-17
5907.1 8.8523e-17
5908.625 8.9587e-17
5910.15 8.6906e-17
5911.675 8.598e-17
5913.2 9.1566e-17
5914.725 9.0393e-17
5916.25 9.0047e-17
5917.775 9.2155e-17
5919.3 9.5303e-17
5920.825 1.0123e-16
5922.35 9.5417e-17
5923.875 9.4894e-17
5925.4 9.1936e-17
5926.925 9.0319e-17
5928.45 8.9488e-17
5929.975 8.4971e-17
5931.5 8.7144e-17
5933.025 9.1958e-17
5934.55 9.4759e-17
5936.075 9.6548e-17
5937.6 9.6364e-17
5939.125 9.2707e-17
5940.65 9.7573e-17
5942.175 9.112e-17
5943.7 9.1552e-17
5945.225 1.0754e-16
5946.75 1.1198e-16
5948.275 1.0625e-16
5949.8 9.7462e-17
5951.325 9.7013e-17
5952.85 9.3615e-17
5954.375 8.476e-17
5955.9 9.0203e-17
5957.425 9.8298e-17
5958.95 9.1954e-17
5960.475 9.4845e-17
5962.0 1.0658e-16
5963.525 9.602e-17
5965.05 9.532e-17
5966.575 1.081e-16
5968.1 1.0429e-16
5969.625 9.8551e-17
5971.15 1.0247e-16
5972.675 9.9425e-17
5974.2 8.8892e-17
5975.725 9.4328e-17
5977.25 1.0389e-16
5978.775 1.0236e-16
5980.3 9.998e-17
5981.825 1.0022e-16
5983.35 1.0094e-16
5984.875 9.5451e-17
5986.4 8.7553e-17
5987.925 9.0516e-17
5989.45 9.7711e-17
5990.975 9.3754e-17
5992.5 8.8486e-17
5994.025 9.6027e-17
5995.55 1.0246e-16
5997.075 1.0284e-16
5998.6 1.0491e-16
6000.125 1.0689e-16
6001.65 1.0622e-16
6003.175 1.0639e-16
6004.7 1.0305e-16
6006.225 9.9376e-17
6007.75 1.0609e-16
6009.275 1.1103e-16
6010.8 1.0322e-16
6012.325 1.0061e-16
6013.85 9.8372e-17
6015.375 9.4684e-17
6016.9 9.9275e-17
6018.425 1.0101e-16
6019.95 9.8539e-17
6021.475 9.731e-17
6023.0 1.0544e-16
6024.525 1.0224e-16
6026.05 8.9919e-17
6027.575 9.2429e-17
6029.1 9.9421e-17
6030.625 1.0251e-16
6032.15 1.0374e-16
6033.675 9.9018e-17
6035.2 9.8156e-17
6036.725 1.021e-16
6038.25 1.0558e-16
6039.775 1.0351e-16
6041.3 1.0191e-16
6042.825 1.0209e-16
6044.35 1.0353e-16
6045.875 1.0666e-16
6047.4 9.7337e-17
6048.925 8.8315e-17
6050.45 8.6163e-17
6051.975 9.057e-17
6053.5 9.9275e-17
6055.025 9.7487e-17
6056.55 9.9014e-17
6058.075 1.0035e-16
6059.6 9.3795e-17
6061.125 9.4457e-17
6062.65 9.6945e-17
6064.175 9.4745e-17
6065.7 9.4653e-17
6067.225 9.4734e-17
6068.75 9.7123e-17
6070.275 9.6615e-17
6071.8 9.3782e-17
6073.325 9.2833e-17
6074.85 9.1055e-17
6076.375 9.2591e-17
6077.9 9.5709e-17
6079.425 9.5968e-17
6080.95 9.8402e-17
6082.475 9.0346e-17
6084.0 8.0329e-17
6085.525 8.5248e-17
6087.05 8.5625e-17
6088.575 8.4188e-17
6090.1 8.4984e-17
6091.625 8.0475e-17
6093.15 8.9368e-17
6094.675 9.6328e-17
6096.2 8.8415e-17
6097.725 8.7151e-17
6099.25 9.0147e-17
6100.775 9.045e-17
6102.3 9.0367e-17
6103.825 8.4989e-17
6105.35 9.1306e-17
6106.875 1.0573e-16
6108.4 1.0653e-16
6109.925 1.0144e-16
6111.45 9.4127e-17
6112.975 9.0124e-17
6114.5 9.4566e-17
6116.025 9.4345e-17
6117.55 9.0048e-17
6119.075 8.8926e-17
6120.6 8.6308e-17
6122.125 8.8823e-17
6123.65 9.475e-17
6125.175 8.9207e-17
6126.7 8.1969e-17
6128.225 8.4814e-17
6129.75 9.3603e-17
6131.275 9.8353e-17
6132.8 9.9183e-17
6134.325 1.0042e-16
6135.85 9.9703e-17
6137.375 9.3287e-17
6138.9 8.8693e-17
6140.425 8.9659e-17
6141.95 8.8028e-17
6143.475 8.7223e-17
6145.0 9.3365e-17
6146.525 1.0257e-16
6148.05 9.8314e-17
6149.575 9.6828e-17
6151.1 9.9476e-17
6152.625 9.4167e-17
6154.15 9.6609e-17
6155.675 9.617e-17
6157.2 9.1025e-17
6158.725 9.7265e-17
6160.25 9.9218e-17
6161.775 9.7585e-17
6163.3 1.0025e-16
6164.825 9.102e-17
6166.35 8.0696e-17
6167.875 8.0492e-17
6169.4 8.6047e-17
6170.925 9.5376e-17
6172.45 9.8194e-17
6173.975 9.9184e-17
6175.5 1.0051e-16
6177.025 1.0401e-16
6178.55 1.0572e-16
6180.075 9.8805e-17
6181.6 9.4014e-17
6183.125 9.3606e-17
6184.65 9.5562e-17
6186.175 9.4606e-17
6187.7 9.2584e-17
6189.225 9.3911e-17
6190.75 9.4474e-17
6192.275 9.8419e-17
6193.8 1.0069e-16
6195.325 1.0582e-16
6196.85 1.0053e-16
6198.375 9.1341e-17
6199.9 8.9323e-17
6201.425 8.6542e-17
6202.95 9.3666e-17
6204.475 9.6679e-17
6206.0 9.6526e-17
6207.525 9.612e-17
6209.05 9.2696e-17
6210.575 9.1881e-17
6212.1 9.6125e-17
6213.625 9.5842e-17
6215.15 9.1071e-17
6216.675 1.016e-16
6218.2 1.0005e-16
6219.725 8.7719e-17
6221.25 9.4342e-17
6222.775 1.0081e-16
6224.3 1.014e-16
6225.825 1.0543e-16
6227.35 1.058e-16
6228.875 9.6646e-17
6230.4 8.9166e-17
6231.925 9.5289e-17
6233.45 9.9382e-17
6234.975 9.4845e-17
6236.5 9.0568e-17
6238.025 8.8301e-17
6239.55 9.1804e-17
6241.075 1.0138e-16
6242.6 1.0239e-16
6244.125 9.8976e-17
6245.65 9.7523e-17
6247.175 9.8693e-17
6248.7 9.8064e-17
6250.225 9.9688e-17
6251.75 1.0075e-16
6253.275 1.0527e-16
6254.8 1.0378e-16
6256.325 9.6712e-17
6257.85 9.6246e-17
6259.375 9.085e-17
6260.9 9.1771e-17
6262.425 9.303e-17
6263.95 9.9252e-17
6265.475 1.007e-16
6267.0 9.8243e-17
6268.525 9.9264e-17
6270.05 9.8536e-17
6271.575 1.0009e-16
6273.1 1.04e-16
6274.625 1.0609e-16
6276.15 1.0332e-16
6277.675 9.6396e-17
6279.2 9.3902e-17
6280.725 9.7826e-17
6282.25 9.1306e-17
6283.775 8.6476e-17
6285.3 9.466e-17
6286.825 9.958e-17
6288.35 1.0373e-16
6289.875 1.0511e-16
6291.4 1.0671e-16
6292.925 1.0774e-16
6294.45 9.9833e-17
6295.975 1.0364e-16
6297.5 1.0044e-16
6299.025 9.6554e-17
6300.55 9.7069e-17
6302.075 9.8076e-17
6303.6 1.0514e-16
6305.125 1.049e-16
6306.65 1.0131e-16
6308.175 1.0021e-16
6309.7 9.6575e-17
6311.225 9.9463e-17
6312.75 9.9377e-17
6314.275 9.8192e-17
6315.8 1.0248e-16
6317.325 9.8585e-17
6318.85 9.8363e-17
6320.375 1.0052e-16
6321.9 1.0162e-16
6323.425 9.7365e-17
6324.95 9.0938e-17
6326.475 9.0752e-17
6328.0 8.9188e-17
6329.525 9.6138e-17
6331.05 1.0204e-16
6332.575 9.4739e-17
6334.1 8.9375e-17
6335.625 9.1586e-17
6337.15 1.0314e-16
6338.675 1.0805e-16
6340.2 1.0835e-16
6341.725 1.0636e-16
6343.25 9.8554e-17
6344.775 1.0235e-16
6346.3 1.0193e-16
6347.825 9.6094e-17
6349.35 1.0155e-16
6350.875 1.0841e-16
6352.4 1.0794e-16
6353.925 1.0244e-16
6355.45 1.0271e-16
6356.975 1.0353e-16
6358.5 9.4873e-17
6360.025 9.5385e-17
6361.55 1.0269e-16
6363.075 9.7122e-17
6364.6 9.0557e-17
6366.125 9.4084e-17
6367.65 9.8668e-17
6369.175 9.372e-17
6370.7 9.6031e-17
6372.225 1.0496e-16
6373.75 1.0573e-16
6375.275 1.0393e-16
6376.8 9.923e-17
6378.325 1.0559e-16
6379.85 1.1049e-16
6381.375 1.1131e-16
6382.9 1.058e-16
6384.425 1.0241e-16
6385.95 1.0627e-16
6387.475 9.8634e-17
6389.0 9.6546e-17
6390.525 1.0681e-16
6392.05 1.1079e-16
6393.575 1.0626e-16
6395.1 1.0343e-16
6396.625 9.9418e-17
6398.15 1.0563e-16
6399.675 1.0465e-16
6401.2 1.0223e-16
6402.725 9.874e-17
6404.25 9.5485e-17
6405.775 1.0006e-16
6407.3 9.9724e-17
6408.825 9.5986e-17
6410.35 9.204e-17
6411.875 9.6321e-17
6413.4 9.8831e-17
6414.925 8.8866e-17
6416.45 9.1163e-17
6417.975 9.2872e-17
6419.5 9.0139e-17
6421.025 9.4475e-17
6422.55 9.5093e-17
6424.075 9.6072e-17
6425.6 9.4333e-17
6427.125 9.6335e-17
6428.65 9.9805e-17
6430.175 9.7532e-17
6431.7 9.7307e-17
6433.225 9.5434e-17
6434.75 9.4732e-17
6436.275 9.7229e-17
6437.8 1.0035e-16
6439.325 9.5837e-17
6440.85 9.2858e-17
6442.375 9.3853e-17
6443.9 9.149e-17
6445.425 9.1607e-17
6446.95 9.6922e-17
6448.475 9.3363e-17
6450.0 8.9937e-17
6451.525 9.2874e-17
6453.05 9.6884e-17
6454.575 9.1217e-17
6456.1 8.7971e-17
6457.625 9.006e-17
6459.15 9.2676e-17
6460.675 9.4857e-17
6462.2 9.685e-17
6463.725 9.542e-17
6465.25 8.9888e-17
6466.775 9.0533e-17
6468.3 8.8399e-17
6469.825 9.0323e-17
6471.35 9.453e-17
6472.875 1.0061e-16
6474.4 1.0105e-16
6475.925 9.8297e-17
6477.45 1.0054e-16
6478.975 1.0012e-16
6480.5 9.6535e-17
6482.025 9.298e-17
6483.55 9.7557e-17
6485.075 9.5083e-17
6486.6 9.936e-17
6488.125 1.0363e-16
6489.65 1.0601e-16
6491.175 9.7029e-17
6492.7 9.4884e-17
6494.225 9.4692e-17
6495.75 9.1203e-17
6497.275 9.0485e-17
6498.8 9.2754e-17
6500.325 8.9954e-17
6501.85 9.067e-17
6503.375 9.1484e-17
6504.9 9.0707e-17
6506.425 9.2224e-17
6507.95 9.5429e-17
6509.475 9.2399e-17
6511.0 8.4497e-17
6512.525 7.9825e-17
6514.05 8.6688e-17
6515.575 8.8457e-17
6517.1 9.1845e-17
6518.625 9.2307e-17
6520.15 8.8283e-17
6521.675 8.614e-17
6523.2 8.3412e-17
6524.725 8.476e-17
6526.25 8.7469e-17
6527.775 8.7513e-17
6529.3 8.8331e-17
6530.825 8.9495e-17
6532.35 8.5833e-17
6533.875 9.1733e-17
6535.4 9.1263e-17
6536.925 8.278e-17
6538.45 8.2681e-17
6539.975 8.2161e-17
6541.5 8.7908e-17
6543.025 9.0958e-17
6544.55 8.2913e-17
6546.075 7.8252e-17
6547.6 8.2527e-17
6549.125 9.1547e-17
6550.65 9.4952e-17
6552.175 8.9055e-17
6553.7 8.9989e-17
6555.225 9.8302e-17
6556.75 1.04e-16
6558.275 1.046e-16
6559.8 9.8354e-17
6561.325 9.7242e-17
6562.85 1.0102e-16
6564.375 1.0375e-16
6565.9 1.0456e-16
6567.425 9.3714e-17
6568.95 9.0602e-17
6570.475 9.2588e-17
6572.0 8.7124e-17
6573.525 8.8394e-17
6575.05 9.1537e-17
6576.575 8.9007e-17
6578.1 8.837e-17
6579.625 9.1694e-17
6581.15 9.4316e-17
6582.675 8.5695e-17
6584.2 8.0219e-17
6585.725 8.1861e-17
6587.25 7.8436e-17
6588.775 7.6333e-17
6590.3 8.3918e-17
6591.825 8.4577e-17
6593.35 8.5071e-17
6594.875 8.9896e-17
6596.4 8.3872e-17
6597.925 8.1082e-17
6599.45 8.793e-17
6600.975 8.4786e-17
6602.5 8.0783e-17
6604.025 8.4647e-17
6605.55 8.3807e-17
6607.075 8.023e-17
6608.6 7.7373e-17
6610.125 7.8875e-17
6611.65 8.5456e-17
6613.175 8.8251e-17
6614.7 8.2686e-17
6616.225 8.2017e-17
6617.75 8.2996e-17
6619.275 8.1521e-17
6620.8 7.6031e-17
6622.325 7.4031e-17
6623.85 7.7217e-17
6625.375 7.8358e-17
6626.9 7.9535e-17
6628.425 7.8938e-17
6629.95 8.4303e-17
6631.475 9.0222e-17
6633.0 9.1281e-17
6634.525 8.876e-17
6636.05 8.2676e-17
6637.575 8.3384e-17
6639.1 7.8859e-17
6640.625 7.9895e-17
6642.15 8.3047e-17
6643.675 8.9277e-17
6645.2 9.0288e-17
6646.725 8.5352e-17
6648.25 8.6478e-17
6649.775 8.5884e-17
6651.3 8.7347e-17
6652.825 8.7341e-17
6654.35 7.8624e-17
6655.875 6.9044e-17
6657.4 6.8161e-17
6658.925 7.5904e-17
6660.45 8.169e-17
6661.975 7.7852e-17
6663.5 7.5907e-17
6665.025 7.9961e-17
6666.55 8.0772e-17
6668.075 7.8262e-17
6669.6 7.9466e-17
6671.125 7.8713e-17
6672.65 8.1117e-17
6674.175 8.7817e-17
6675.7 8.5774e-17
6677.225 8.6234e-17
6678.75 8.8863e-17
6680.275 8.8319e-17
6681.8 9.0336e-17
6683.325 8.9129e-17
6684.85 8.5519e-17
6686.375 8.4337e-17
6687.9 7.887e-17
6689.425 7.9702e-17
6690.95 8.9159e-17
6692.475 8.9859e-17
6694.0 8.4185e-17
6695.525 8.0665e-17
6697.05 8.1626e-17
6698.575 9.2839e-17
6700.1 9.364e-17
6701.625 8.6554e-17
6703.15 9.5556e-17
6704.675 1.0274e-16
6706.2 9.2828e-17
6707.725 8.3431e-17
6709.25 8.5366e-17
6710.775 9.011e-17
6712.3 8.9943e-17
6713.825 9.0021e-17
6715.35 8.9664e-17
6716.875 9.1332e-17
6718.4 9.295e-17
6719.925 9.2582e-17
6721.45 9.3182e-17
6722.975 8.9658e-17
6724.5 9.2322e-17
6726.025 9.0383e-17
6727.55 8.8293e-17
6729.075 9.0037e-17
6730.6 9.0348e-17
6732.125 8.9671e-17
6733.65 8.4147e-17
6735.175 8.2273e-17
6736.7 8.9765e-17
6738.225 9.294e-17
6739.75 9.0305e-17
6741.275 9.0072e-17
6742.8 9.5932e-17
6744.325 9.6798e-17
6745.85 9.185e-17
6747.375 9.3241e-17
6748.9 9.4527e-17
6750.425 9.6526e-17
6751.95 1.0047e-16
6753.475 1.0132e-16
6755.0 9.7017e-17
6756.525 9.8952e-17
6758.05 1.0366e-16
6759.575 9.442e-17
6761.1 8.8892e-17
6762.625 9.0481e-17
6764.15 9.2762e-17
6765.675 1.0151e-16
6767.2 9.5303e-17
6768.725 9.3058e-17
6770.25 9.5767e-17
6771.775 9.7068e-17
6773.3 9.4313e-17
6774.825 9.6233e-17
6776.35 1.002e-16
6777.875 9.8853e-17
6779.4 9.5134e-17
6780.925 9.7868e-17
6782.45 1.0017e-16
6783.975 9.9402e-17
6785.5 1.0671e-16
6787.025 1.0451e-16
6788.55 9.8962e-17
6790.075 1.0345e-16
6791.6 1.0284e-16
6793.125 9.9473e-17
6794.65 9.7621e-17
6796.175 9.6473e-17
6797.7 9.7058e-17
6799.225 1.028e-16
6800.75 1.0129e-16
6802.275 9.7534e-17
6803.8 9.7102e-17
6805.325 9.7926e-17
6806.85 9.9544e-17
6808.375 1.006e-16
6809.9 9.9177e-17
6811.425 1.0174e-16
6812.95 9.7772e-17
6814.475 9.8744e-17
6816.0 1.0473e-16
6817.525 1.0781e-16
6819.05 9.8902e-17
6820.575 9.2626e-17
6822.1 9.3802e-17
6823.625 1.0134e-16
6825.15 1.0365e-16
6826.675 1.0195e-16
6828.2 1.0017e-16
6829.725 1.0019e-16
6831.25 1.0355e-16
6832.775 9.7701e-17
6834.3 9.6959e-17
6835.825 1.0054e-16
6837.35 1.0338e-16
6838.875 9.9467e-17
6840.4 9.7436e-17
6841.925 9.7154e-17
6843.45 1.0023e-16
6844.975 1.0023e-16
6846.5 9.9754e-17
6848.025 1.0363e-16
6849.55 1.0557e-16
6851.075 1.0352e-16
6852.6 1.0179e-16
6854.125 1.0235e-16
6855.65 1.0371e-16
6857.175 9.9076e-17
6858.7 1.0267e-16
6860.225 9.6714e-17
6861.75 9.5156e-17
6863.275 1.0794e-16
6864.8 1.1401e-16
6866.325 1.0144e-16
6867.85 9.5613e-17
6869.375 1.0077e-16
6870.9 1.001e-16
6872.425 9.8194e-17
6873.95 9.2352e-17
6875.475 9.0663e-17
6877.0 9.6476e-17
6878.525 9.1572e-17
6880.05 9.3082e-17
6881.575 9.7981e-17
6883.1 9.7022e-17
6884.625 1.0082e-16
6886.15 1.0481e-16
6887.675 9.8969e-17
6889.2 9.4434e-17
6890.725 9.9107e-17
6892.25 1.0056e-16
6893.775 9.4352e-17
6895.3 9.8195e-17
6896.825 9.9684e-17
6898.35 9.3644e-17
6899.875 9.765e-17
6901.4 9.7186e-17
6902.925 8.9009e-17
6904.45 8.9003e-17
6905.975 9.3556e-17
6907.5 9.0923e-17
6909.025 9.2598e-17
6910.55 1.0272e-16
6912.075 1.0346e-16
6913.6 9.4009e-17
6915.125 9.2017e-17
6916.65 9.1061e-17
6918.175 8.9397e-17
6919.7 9.1843e-17
6921.225 9.2815e-17
6922.75 9.3081e-17
6924.275 9.3193e-17
6925.8 9.2676e-17
6927.325 9.5602e-17
6928.85 9.8048e-17
6930.375 9.4125e-17
6931.9 9.6676e-17
6933.425 9.6826e-17
6934.95 9.1609e-17
6936.475 9.2863e-17
6938.0 1.0011e-16
6939.525 1.0239e-16
6941.05 9.4392e-17
6942.575 9.3504e-17
6944.1 9.9182e-17
6945.625 9.8278e-17
6947.15 9.8423e-17
6948.675 9.9641e-17
6950.2 9.4339e-17
6951.725 8.8442e-17
6953.25 9.0838e-17
6954.775 9.0583e-17
6956.3 8.6476e-17
6957.825 9.1251e-17
6959.35 9.6559e-17
6960.875 9.3964e-17
6962.4 9.3945e-17
6963.925 9.57e-17
6965.45 9.2677e-17
6966.975 9.1287e-17
6968.5 9.2169e-17
6970.025 9.3467e-17
6971.55 9.4936e-17
6973.075 9.8462e-17
6974.6 9.7505e-17
6976.125 9.5463e-17
6977.65 9.503e-17
6979.175 9.2326e-17
6980.7 8.9681e-17
6982.225 9.1374e-17
6983.75 9.4548e-17
6985.275 9.584e-17
6986.8 9.2029e-17
6988.325 9.3991e-17
6989.85 9.1968e-17
6991.375 9.3061e-17
6992.9 9.6555e-17
6994.425 9.9339e-17
6995.95 9.4165e-17
6997.475 9.8066e-17
6999.0 1.0027e-16
7000.525 9.5425e-17
7002.05 8.73e-17
7003.575 8.5427e-17
7005.1 9.0035e-17
7006.625 9.3748e-17
7008.15 9.9491e-17
7009.675 9.8361e-17
7011.2 1.0264e-16
7012.725 1.0261e-16
7014.25 9.5445e-17
7015.775 9.4698e-17
7017.3 9.9039e-17
7018.825 9.8477e-17
7020.35 9.5042e-17
7021.875 9.813e-17
7023.4 9.4671e-17
7024.925 8.9969e-17
7026.45 9.221e-17
7027.975 1.0115e-16
7029.5 9.9815e-17
7031.025 9.6749e-17
7032.55 9.9428e-17
7034.075 9.8464e-17
7035.6 9.6895e-17
7037.125 1.0044e-16
7038.65 1.1141e-16
7040.175 1.2457e-16
7041.7 1.2969e-16
7043.225 1.3522e-16
7044.75 1.2473e-16
7046.275 1.0689e-16
7047.8 9.9933e-17
7049.325 9.4087e-17
7050.85 9.3782e-17
7052.375 9.1435e-17
7053.9 8.904e-17
7055.425 8.8532e-17
7056.95 9.4771e-17
7058.475 9.6486e-17
7060.0 9.6923e-17
7061.525 1.0134e-16
7063.05 1.1127e-16
7064.575 1.1319e-16
7066.1 1.1264e-16
7067.625 1.0544e-16
7069.15 9.7054e-17
7070.675 9.4392e-17
7072.2 9.2716e-17
7073.725 9.3876e-17
7075.25 9.9944e-17
7076.775 9.6808e-17
7078.3 9.03e-17
7079.825 9.0927e-17
7081.35 9.5879e-17
7082.875 1.0056e-16
7084.4 9.9049e-17
7085.925 9.8483e-17
7087.45 9.3399e-17
7088.975 8.9956e-17
7090.5 9.2091e-17
7092.025 9.7927e-17
7093.55 1.0285e-16
7095.075 1.0268e-16
7096.6 9.5303e-17
7098.125 9.4549e-17
7099.65 9.6315e-17
7101.175 9.7077e-17
7102.7 1.009e-16
7104.225 1.0366e-16
7105.75 1.0247e-16
7107.275 9.383e-17
7108.8 8.9793e-17
7110.325 9.6011e-17
7111.85 9.5743e-17
7113.375 9.2464e-17
7114.9 9.2991e-17
7116.425 9.6732e-17
7117.95 9.8651e-17
7119.475 9.5879e-17
7121.0 9.6929e-17
7122.525 9.6518e-17
7124.05 9.4936e-17
7125.575 1.0016e-16
7127.1 1.0093e-16
7128.625 9.0671e-17
7130.15 8.6499e-17
7131.675 9.6074e-17
7133.2 1.0112e-16
7134.725 9.6258e-17
7136.25 9.6044e-17
7137.775 1.0021e-16
7139.3 1.0239e-16
7140.825 1.0071e-16
7142.35 1.0116e-16
7143.875 1.0435e-16
7145.4 1.0114e-16
7146.925 1.0021e-16
7148.45 1.0166e-16
7149.975 9.7973e-17
7151.5 9.4542e-17
7153.025 8.9937e-17
7154.55 8.8248e-17
7156.075 9.4249e-17
7157.6 9.2369e-17
7159.125 9.2249e-17
7160.65 1.0032e-16
7162.175 9.5662e-17
7163.7 9.5883e-17
7165.225 9.7358e-17
7166.75 9.5931e-17
7168.275 9.8696e-17
7169.8 1.0189e-16
7171.325 1.0346e-16
7172.85 9.8785e-17
7174.375 9.7416e-17
7175.9 1.038e-16
7177.425 1.0749e-16
7178.95 1.01e-16
7180.475 9.8834e-17
7182.0 9.7556e-17
7183.525 9.0983e-17
7185.05 9.048e-17
7186.575 9.2387e-17
7188.1 9.1627e-17
7189.625 9.4041e-17
7191.15 1.0392e-16
7192.675 1.0323e-16
7194.2 9.0882e-17
7195.725 9.2546e-17
7197.25 9.8122e-17
7198.775 9.8017e-17
7200.3 9.4959e-17
7201.825 9.5731e-17
7203.35 9.7782e-17
7204.875 1.0208e-16
7206.4 1.0348e-16
7207.925 1.01e-16
7209.45 1.0479e-16
7210.975 9.3654e-17
7212.5 8.9851e-17
7214.025 8.6275e-17
7215.55 8.9253e-17
7217.075 9.2336e-17
7218.6 9.3784e-17
7220.125 1.0062e-16
7221.65 1.0211e-16
7223.175 9.6366e-17
7224.7 1.0093e-16
7226.225 1.0482e-16
7227.75 1.0498e-16
7229.275 9.6849e-17
7230.8 9.2672e-17
7232.325 9.1668e-17
7233.85 9.9238e-17
7235.375 9.9825e-17
7236.9 9.6949e-17
7238.425 9.0636e-17
7239.95 9.5401e-17
7241.475 9.1335e-17
7243.0 8.7144e-17
7244.525 9.3333e-17
7246.05 9.2658e-17
7247.575 8.9617e-17
7249.1 9.0297e-17
7250.625 9.1212e-17
7252.15 9.081e-17
7253.675 9.3684e-17
7255.2 9.601e-17
7256.725 9.1732e-17
7258.25 9.4332e-17
7259.775 9.8767e-17
7261.3 9.7557e-17
7262.825 1.0154e-16
7264.35 9.4746e-17
7265.875 8.9159e-17
7267.4 9.2322e-17
7268.925 8.8064e-17
7270.45 8.6846e-17
7271.975 1.0115e-16
7273.5 9.7713e-17
7275.025 9.2198e-17
7276.55 9.9874e-17
7278.075 1.0141e-16
7279.6 1.0172e-16
7281.125 9.8863e-17
7282.65 9.6281e-17
7284.175 9.5535e-17
7285.7 9.5639e-17
7287.225 9.2712e-17
7288.75 8.7945e-17
7290.275 9.1882e-17
7291.8 9.4548e-17
7293.325 9.1975e-17
7294.85 9.2527e-17
7296.375 9.3835e-17
7297.9 8.9749e-17
7299.425 8.7694e-17
7300.95 9.4004e-17
7302.475 9.3043e-17
7304.0 8.511e-17
7305.525 9.0552e-17
7307.05 9.7836e-17
7308.575 9.255e-17
7310.1 9.1908e-17
7311.625 1.0308e-16
7313.15 9.9628e-17
7314.675 8.7625e-17
7316.2 9.1219e-17
7317.725 8.5578e-17
7319.25 8.2382e-17
7320.775 8.7229e-17
7322.3 9.2771e-17
7323.825 9.5675e-17
7325.35 9.596e-17
7326.875 9.2323e-17
7328.4 8.9751e-17
7329.925 8.5778e-17
7331.45 9.0465e-17
7332.975 9.0137e-17
7334.5 9.1363e-17
7336.025 9.2049e-17
7337.55 9.2635e-17
7339.075 8.9752e-17
7340.6 8.9283e-17
7342.125 9.0954e-17
7343.65 9.2893e-17
7345.175 8.7723e-17
7346.7 8.3888e-17
7348.225 8.3943e-17
7349.75 8.7463e-17
7351.275 9.092e-17
7352.8 9.4645e-17
7354.325 9.3805e-17
7355.85 9.2146e-17
7357.375 8.855e-17
7358.9 8.6562e-17
7360.425 8.9061e-17
7361.95 8.4944e-17
7363.475 8.5695e-17
7365.0 8.8268e-17
7366.525 9.0637e-17
7368.05 9.5526e-17
7369.575 9.5344e-17
7371.1 8.8059e-17
7372.625 8.6212e-17
7374.15 8.6668e-17
7375.675 7.972e-17
7377.2 8.7921e-17
7378.725 9.3467e-17
7380.25 8.8864e-17
7381.775 9.1644e-17
7383.3 9.7503e-17
7384.825 8.9496e-17
7386.35 8.329e-17
7387.875 8.8183e-17
7389.4 9.4817e-17
7390.925 9.3513e-17
7392.45 8.8629e-17
7393.975 8.7694e-17
7395.5 9.2394e-17
7397.025 9.3082e-17
7398.55 8.842e-17
7400.075 8.8864e-17
7401.6 9.2133e-17
7403.125 8.8951e-17
7404.65 8.8736e-17
7406.175 8.977e-17
7407.7 9.5199e-17
7409.225 9.3847e-17
7410.75 9.1615e-17
7412.275 9.0952e-17
7413.8 8.3103e-17
7415.325 8.6801e-17
7416.85 9.665e-17
7418.375 9.4989e-17
7419.9 8.9054e-17
7421.425 8.8565e-17
7422.95 8.8612e-17
7424.475 8.5722e-17
7426.0 8.4886e-17
7427.525 8.997e-17
7429.05 9.3964e-17
7430.575 9.4681e-17
7432.1 9.209e-17
7433.625 8.8423e-17
7435.15 9.1779e-17
7436.675 9.2259e-17
7438.2 8.4442e-17
7439.725 8.755e-17
7441.25 9.3413e-17
7442.775 8.9838e-17
7444.3 8.7806e-17
7445.825 9.0597e-17
7447.35 8.9709e-17
7448.875 8.7416e-17
7450.4 9.0799e-17
7451.925 9.0007e-17
7453.45 8.5096e-17
7454.975 8.4708e-17
7456.5 8.7382e-17
7458.025 8.8077e-17
7459.55 8.5836e-17
7461.075 8.5911e-17
7462.6 8.4964e-17
7464.125 8.5795e-17
7465.65 9.2172e-17
7467.175 9.125e-17
7468.7 8.4863e-17
7470.225 8.0302e-17
7471.75 8.5647e-17
7473.275 9.496e-17
7474.8 9.5546e-17
7476.325 8.774e-17
7477.85 8.9264e-17
7479.375 9.1129e-17
7480.9 8.7563e-17
7482.425 8.6627e-17
7483.95 8.8957e-17
7485.475 8.7857e-17
7487.0 8.2742e-17
7488.525 8.4623e-17
7490.05 8.6993e-17
7491.575 8.6201e-17
7493.1 8.3232e-17
7494.625 8.2263e-17
7496.15 8.5546e-17
7497.675 8.7728e-17
7499.2 9.0558e-17
7500.725 8.9283e-17
7502.25 8.4855e-17
7503.775 8.2191e-17
7505.3 8.2767e-17
7506.825 1.0042e-16
7508.35 1.1977e-16
7509.875 9.9402e-17
7511.4 8.8597e-17
7512.925 8.9283e-17
7514.45 9.1564e-17
7515.975 9.0046e-17
7517.5 8.3053e-17
7519.025 8.3841e-17
7520.55 8.4382e-17
7522.075 9.0719e-17
7523.6 9.0027e-17
7525.125 9.2288e-17
7526.65 8.663e-17
7528.175 8.0891e-17
7529.7 8.1192e-17
7531.225 8.5457e-17
7532.75 9.1809e-17
7534.275 9.0897e-17
7535.8 8.9078e-17
7537.325 8.9622e-17
7538.85 8.6662e-17
7540.375 8.6332e-17
7541.9 8.331e-17
7543.425 8.4016e-17
7544.95 8.8367e-17
7546.475 8.8266e-17
7548.0 8.9588e-17
7549.525 8.5916e-17
7551.05 8.2182e-17
7552.575 8.2336e-17
7554.1 8.5789e-17
7555.625 9.0557e-17
7557.15 8.8681e-17
7558.675 8.3744e-17
7560.2 8.4455e-17
7561.725 8.7223e-17
7563.25 8.4984e-17
7564.775 8.5441e-17
7566.3 8.9794e-17
7567.825 9.0448e-17
7569.35 8.7942e-17
7570.875 9.733e-17
7572.4 9.9817e-17
7573.925 8.9433e-17
7575.45 8.485e-17
7576.975 8.5651e-17
7578.5 8.7996e-17
7580.025 8.9258e-17
7581.55 8.609e-17
7583.075 8.6408e-17
7584.6 9.0121e-17
7586.125 8.8086e-17
7587.65 9.1265e-17
7589.175 9.9518e-17
7590.7 9.9938e-17
7592.225 9.7954e-17
7593.75 1.0483e-16
7595.275 1.0809e-16
7596.8 8.4559e-17
7598.325 6.4956e-17
7599.85 7.7839e-17
7601.375 9.9441e-17
7602.9 1.0821e-16
7604.425 1.1111e-16
7605.95 1.081e-16
7607.475 9.1219e-17
7609.0 8.6763e-17
7610.525 8.7099e-17
7612.05 7.7988e-17
7613.575 7.7363e-17
7615.1 8.1175e-17
7616.625 8.8413e-17
7618.15 9.0583e-17
7619.675 8.3308e-17
7621.2 9.3235e-17
7622.725 1.017e-16
7624.25 9.3767e-17
7625.775 8.4907e-17
7627.3 8.6952e-17
7628.825 7.8418e-17
7630.35 8.5693e-17
7631.875 9.5058e-17
7633.4 9.2552e-17
7634.925 9.6808e-17
7636.45 9.707e-17
7637.975 9.8616e-17
7639.5 9.2439e-17
7641.025 9.2273e-17
7642.55 9.8195e-17
7644.075 9.3544e-17
7645.6 9.5978e-17
7647.125 9.3183e-17
7648.65 9.2212e-17
7650.175 9.017e-17
7651.7 9.4263e-17
7653.225 8.5474e-17
7654.75 8.3406e-17
7656.275 8.7215e-17
7657.8 9.1472e-17
7659.325 9.5663e-17
7660.85 9.765e-17
7662.375 9.2335e-17
7663.9 8.5632e-17
7665.425 8.1769e-17
7666.95 8.9262e-17
7668.475 9.1227e-17
7670.0 8.7299e-17
7671.525 8.7348e-17
7673.05 8.2971e-17
7674.575 8.4044e-17
7676.1 8.3777e-17
7677.625 8.8901e-17
7679.15 9.8222e-17
7680.675 9.8122e-17
7682.2 8.9242e-17
7683.725 8.6725e-17
7685.25 8.7369e-17
7686.775 8.8185e-17
7688.3 9.5708e-17
7689.825 9.021e-17
7691.35 8.2056e-17
7692.875 8.7742e-17
7694.4 9.7313e-17
7695.925 9.4814e-17
7697.45 9.2916e-17
7698.975 9.3494e-17
7700.5 9.1193e-17
7702.025 8.9477e-17
7703.55 9.1526e-17
7705.075 9.1314e-17
7706.6 9.3408e-17
7708.125 9.907e-17
7709.65 9.6187e-17
7711.175 8.9335e-17
7712.7 8.9e-17
7714.225 9.2317e-17
7715.75 9.2685e-17
7717.275 8.7055e-17
7718.8 8.6726e-17
7720.325 8.982e-17
7721.85 9.4478e-17
7723.375 9.844e-17
7724.9 9.72e-17
7726.425 9.2097e-17
7727.95 8.7136e-17
7729.475 8.7886e-17
7731.0 8.8818e-17
7732.525 9.3557e-17
7734.05 9.7011e-17
7735.575 9.4384e-17
7737.1 9.2922e-17
7738.625 9.138e-17
7740.15 9.2407e-17
7741.675 9.8869e-17
7743.2 1.017e-16
7744.725 9.8257e-17
7746.25 1.0381e-16
7747.775 1.0608e-16
7749.3 9.5043e-17
7750.825 9.0728e-17
7752.35 9.2835e-17
7753.875 9.1199e-17
7755.4 8.7891e-17
7756.925 9.134e-17
7758.45 9.1184e-17
7759.975 9.469e-17
7761.5 9.5269e-17
7763.025 9.4011e-17
7764.55 9.3339e-17
7766.075 9.1219e-17
7767.6 8.8281e-17
7769.125 9.2273e-17
7770.65 9.9041e-17
7772.175 9.3724e-17
7773.7 8.7047e-17
7775.225 8.6914e-17
7776.75 8.5294e-17
7778.275 9.1024e-17
7779.8 9.45e-17
7781.325 9.28e-17
7782.85 9.345e-17
7784.375 8.7618e-17
7785.9 8.7808e-17
7787.425 8.6923e-17
7788.95 8.7982e-17
7790.475 9.0668e-17
7792.0 9.2359e-17
7793.525 9.4009e-17
7795.05 9.2377e-17
7796.575 9.0076e-17
7798.1 8.795e-17
7799.625 9.1146e-17
7801.15 9.2662e-17
7802.675 9.1986e-17
7804.2 8.9587e-17
7805.725 9.0723e-17
7807.25 9.199e-17
7808.775 9.1966e-17
7810.3 9.3766e-17
7811.825 9.5071e-17
7813.35 9.0639e-17
7814.875 8.7014e-17
7816.4 8.9575e-17
7817.925 9.5882e-17
7819.45 1.0067e-16
7820.975 1.0496e-16
7822.5 9.9567e-17
7824.025 8.8892e-17
7825.55 9.2288e-17
7827.075 9.2637e-17
7828.6 8.603e-17
7830.125 9.3499e-17
7831.65 9.802e-17
7833.175 9.619e-17
7834.7 9.6653e-17
7836.225 9.304e-17
7837.75 9.0025e-17
7839.275 9.2647e-17
7840.8 9.3917e-17
7842.325 9.5812e-17
7843.85 9.3917e-17
7845.375 8.817e-17
7846.9 8.0301e-17
7848.425 8.3594e-17
7849.95 9.2872e-17
7851.475 9.2937e-17
7853.0 8.9063e-17
7854.525 8.8642e-17
7856.05 8.4549e-17
7857.575 8.2812e-17
7859.1 8.6867e-17
7860.625 8.9154e-17
7862.15 9.5897e-17
7863.675 9.2335e-17
7865.2 9.251e-17
7866.725 1.0173e-16
7868.25 9.6623e-17
7869.775 8.7072e-17
7871.3 8.763e-17
7872.825 8.1469e-17
7874.35 7.8098e-17
7875.875 8.9305e-17
7877.4 9.8498e-17
7878.925 9.0196e-17
7880.45 8.3828e-17
7881.975 8.533e-17
7883.5 8.7016e-17
7885.025 9.003e-17
7886.55 9.9062e-17
7888.075 9.8449e-17
7889.6 9.5188e-17
7891.125 9.1473e-17
7892.65 8.9857e-17
7894.175 8.81e-17
7895.7 8.4934e-17
7897.225 8.5614e-17
7898.75 8.459e-17
7900.275 8.7195e-17
7901.8 8.3735e-17
7903.325 8.8192e-17
7904.85 9.226e-17
7906.375 8.1427e-17
7907.9 7.6581e-17
7909.425 9.0605e-17
7910.95 9.7589e-17
7912.475 9.0011e-17
7914.0 8.6644e-17
7915.525 7.9489e-17
7917.05 8.3242e-17
7918.575 9.6263e-17
7920.1 1.0087e-16
7921.625 9.0781e-17
7923.15 8.0884e-17
7924.675 7.6511e-17
7926.2 8.4976e-17
7927.725 9.2093e-17
7929.25 8.7053e-17
7930.775 8.9633e-17
7932.3 9.057e-17
7933.825 8.7961e-17
7935.35 8.8609e-17
7936.875 8.9338e-17
7938.4 8.8274e-17
7939.925 8.8923e-17
7941.45 9.039e-17
7942.975 8.8905e-17
7944.5 8.7839e-17
7946.025 9.0835e-17
7947.55 9.0436e-17
7949.075 8.4023e-17
7950.6 8.2758e-17
7952.125 8.5625e-17
7953.65 7.9019e-17
7955.175 7.5441e-17
7956.7 8.368e-17
7958.225 8.7999e-17
7959.75 8.6888e-17
7961.275 9.3345e-17
7962.8 9.7683e-17
7964.325 9.1125e-17
7965.85 8.3266e-17
7967.375 8.2052e-17
7968.9 8.7722e-17
7970.425 9.2656e-17
7971.95 8.3599e-17
7973.475 8.1597e-17
7975.0 9.5932e-17
7976.525 9.6793e-17
7978.05 8.6356e-17
7979.575 8.2304e-17
7981.1 8.06e-17
7982.625 7.9525e-17
7984.15 8.4333e-17
7985.675 8.8105e-17
7987.2 8.5266e-17
7988.725 8.6777e-17
7990.25 9.7116e-17
7991.775 1.0352e-16
7993.3 1.0302e-16
7994.825 9.825e-17
7996.35 9.0764e-17
7997.875 8.2661e-17
7999.4 8.1307e-17
8000.925 8.2709e-17
8002.45 8.7213e-17
8003.975 8.2411e-17
8005.5 8.4977e-17
8007.025 9.54e-17
8008.55 9.165e-17
8010.075 8.2695e-17
8011.6 8.8773e-17
8013.125 9.3571e-17
8014.65 8.8823e-17
8016.175 8.5347e-17
8017.7 8.2751e-17
8019.225 8.8141e-17
8020.75 9.35e-17
8022.275 9.2445e-17
8023.8 8.6135e-17
8025.325 8.7392e-17
8026.85 9.2154e-17
8028.375 9.3864e-17
8029.9 8.536e-17
8031.425 8.2684e-17
8032.95 8.7727e-17
8034.475 8.715e-17
8036.0 8.4312e-17
8037.525 8.4828e-17
8039.05 8.6952e-17
8040.575 8.3081e-17
8042.1 8.4908e-17
8043.625 8.6323e-17
8045.15 8.4286e-17
8046.675 8.4953e-17
8048.2 8.4984e-17
8049.725 8.5968e-17
8051.25 9.0807e-17
8052.775 9.7374e-17
8054.3 9.391e-17
8055.825 8.828e-17
8057.35 8.5531e-17
8058.875 9.1045e-17
8060.4 9.0378e-17
8061.925 8.1893e-17
8063.45 7.5631e-17
8064.975 7.9351e-17
8066.5 7.9712e-17
8068.025 7.8952e-17
8069.55 8.0572e-17
8071.075 8.4601e-17
8072.6 8.9745e-17
8074.125 8.2128e-17
8075.65 7.7375e-17
8077.175 8.1966e-17
8078.7 8.5056e-17
8080.225 8.5851e-17
8081.75 8.9627e-17
8083.275 9.2672e-17
8084.8 8.8622e-17
8086.325 8.9167e-17
8087.85 9.0149e-17
8089.375 9.0389e-17
8090.9 9.3281e-17
8092.425 9.3654e-17
8093.95 8.9944e-17
8095.475 8.8318e-17
8097.0 8.9483e-17
8098.525 8.485e-17
8100.05 8.6667e-17
8101.575 9.205e-17
8103.1 9.223e-17
8104.625 9.0572e-17
8106.15 8.47e-17
8107.675 8.5828e-17
8109.2 8.9537e-17
8110.725 9.1061e-17
8112.25 9.1679e-17
8113.775 8.5052e-17
8115.3 8.3279e-17
8116.825 8.8944e-17
8118.35 8.4959e-17
8119.875 8.2906e-17
8121.4 8.4363e-17
8122.925 8.2705e-17
8124.45 8.2577e-17
8125.975 8.4964e-17
8127.5 8.2896e-17
8129.025 8.3721e-17
8130.55 8.3771e-17
8132.075 8.7545e-17
8133.6 8.6291e-17
8135.125 8.3986e-17
8136.65 8.6686e-17
8138.175 8.8037e-17
8139.7 9.1176e-17
8141.225 8.7499e-17
8142.75 8.3974e-17
8144.275 8.9513e-17
8145.8 9.1096e-17
8147.325 8.7415e-17
8148.85 8.464e-17
8150.375 8.0778e-17
8151.9 8.2641e-17
8153.425 7.8354e-17
8154.95 8.0538e-17
8156.475 8.0699e-17
8158.0 9.0346e-17
8159.525 8.833e-17
8161.05 8.1639e-17
8162.575 8.5586e-17
8164.1 8.9167e-17
8165.625 8.6029e-17
8167.15 8.6479e-17
8168.675 8.4932e-17
8170.2 8.3615e-17
8171.725 8.7329e-17
8173.25 8.2705e-17
8174.775 8.1006e-17
8176.3 8.2414e-17
8177.825 8.827e-17
8179.35 9.2455e-17
8180.875 8.9532e-17
8182.4 8.4745e-17
8183.925 8.3814e-17
8185.45 8.6139e-17
8186.975 8.2643e-17
8188.5 7.3723e-17
8190.025 7.687e-17
8191.55 8.5719e-17
8193.075 8.2622e-17
8194.6 8.4114e-17
8196.125 8.4537e-17
8197.65 8.1687e-17
8199.175 8.2086e-17
8200.7 8.7733e-17
8202.225 8.8622e-17
8203.75 8.51e-17
8205.275 8.2651e-17
8206.8 8.347e-17
8208.325 8.5326e-17
8209.85 8.3451e-17
8211.375 8.2588e-17
8212.9 8.2705e-17
8214.425 8.341e-17
8215.95 8.6667e-17
8217.475 8.8907e-17
8219.0 8.8164e-17
8220.525 8.7492e-17
8222.05 8.2542e-17
8223.575 8.1336e-17
8225.1 8.5939e-17
8226.625 8.598e-17
8228.15 8.4744e-17
8229.675 8.7007e-17
8231.2 8.6953e-17
8232.725 8.5914e-17
8234.25 8.1825e-17
8235.775 8.278e-17
8237.3 8.8863e-17
8238.825 8.7608e-17
8240.35 8.6489e-17
8241.875 8.6062e-17
8243.4 8.1894e-17
8244.925 8.6852e-17
8246.45 9.2207e-17
8247.975 8.4976e-17
8249.5 9.0972e-17
8251.025 9.2049e-17
8252.55 8.9547e-17
8254.075 8.5784e-17
8255.6 8.319e-17
8257.125 8.0859e-17
8258.65 8.5747e-17
8260.175 9.4421e-17
8261.7 9.1806e-17
8263.225 8.6079e-17
8264.75 8.7225e-17
8266.275 8.8035e-17
8267.8 8.5631e-17
8269.325 8.493e-17
8270.85 9.141e-17
8272.375 8.9057e-17
8273.9 8.0671e-17
8275.425 8.6176e-17
8276.95 9.4015e-17
8278.475 9.7384e-17
8280.0 9.9777e-17
8281.525 9.1803e-17
8283.05 9.2287e-17
8284.575 9.5459e-17
8286.1 9.1587e-17
8287.625 8.7722e-17
8289.15 8.7509e-17
8290.675 8.4059e-17
8292.2 8.2339e-17
8293.725 8.4088e-17
8295.25 9.5402e-17
8296.775 9.8006e-17
8298.3 8.1505e-17
8299.825 7.813e-17
8301.35 8.4183e-17
8302.875 8.4926e-17
8304.4 8.4408e-17
8305.925 8.6186e-17
8307.45 8.8702e-17
8308.975 8.6461e-17
8310.5 8.3197e-17
8312.025 8.6732e-17
8313.55 8.7095e-17
8315.075 8.5955e-17
8316.6 8.5771e-17
8318.125 8.409e-17
8319.65 8.6617e-17
8321.175 9.1677e-17
8322.7 9.2745e-17
8324.225 9.1361e-17
8325.75 8.9168e-17
8327.275 8.9654e-17
8328.8 9.3143e-17
8330.325 9.2049e-17
8331.85 9.0879e-17
8333.375 9.1833e-17
8334.9 8.7652e-17
8336.425 8.0102e-17
8337.95 8.6653e-17
8339.475 9.5088e-17
8341.0 9.5198e-17
8342.525 9.5555e-17
8344.05 9.642e-17
8345.575 9.0967e-17
8347.1 7.9867e-17
8348.625 7.7595e-17
8350.15 8.6276e-17
8351.675 8.69e-17
8353.2 9.3641e-17
8354.725 8.8532e-17
8356.25 8.0276e-17
8357.775 8.0071e-17
8359.3 7.7531e-17
8360.825 8.6284e-17
8362.35 9.6816e-17
8363.875 9.7195e-17
8365.4 9.0783e-17
8366.925 8.5822e-17
8368.45 8.8384e-17
8369.975 9.1184e-17
8371.5 8.9703e-17
8373.025 8.6047e-17
8374.55 8.2002e-17
8376.075 8.7197e-17
8377.6 8.568e-17
8379.125 8.8021e-17
8380.65 8.6384e-17
8382.175 8.7893e-17
8383.7 9.0172e-17
8385.225 9.0666e-17
8386.75 9.1016e-17
8388.275 8.9266e-17
8389.8 8.937e-17
8391.325 9.1348e-17
8392.85 8.5231e-17
8394.375 8.7486e-17
8395.9 8.9909e-17
8397.425 8.0294e-17
8398.95 8.027e-17
8400.475 8.9579e-17
8402.0 8.6552e-17
8403.525 8.5545e-17
8405.05 8.516e-17
8406.575 8.632e-17
8408.1 8.6968e-17
8409.625 8.0943e-17
8411.15 8.1534e-17
8412.675 8.8258e-17
8414.2 9.1439e-17
8415.725 9.4515e-17
8417.25 8.9347e-17
8418.775 8.2649e-17
8420.3 8.2828e-17
8421.825 8.5955e-17
8423.35 8.5624e-17
8424.875 8.3748e-17
8426.4 9.1704e-17
8427.925 9.6418e-17
8429.45 9.3651e-17
8430.975 1.0187e-16
8432.5 9.6752e-17
8434.025 7.9287e-17
8435.55 8.0933e-17
8437.075 8.567e-17
8438.6 8.5544e-17
8440.125 8.8533e-17
8441.65 9.3997e-17
8443.175 9.4208e-17
8444.7 8.8585e-17
8446.225 8.8279e-17
8447.75 9.5434e-17
8449.275 9.8423e-17
8450.8 8.6589e-17
8452.325 7.837e-17
8453.85 8.5098e-17
8455.375 8.7504e-17
8456.9 8.5764e-17
8458.425 8.948e-17
8459.95 9.2028e-17
8461.475 9.5255e-17
8463.0 8.8787e-17
8464.525 9.0625e-17
8466.05 9.8235e-17
8467.575 8.9472e-17
8469.1 8.1337e-17
8470.625 8.3663e-17
8472.15 8.6925e-17
8473.675 8.9382e-17
8475.2 8.7091e-17
8476.725 8.5214e-17
8478.25 8.5054e-17
8479.775 8.9259e-17
8481.3 8.8077e-17
8482.825 8.4921e-17
8484.35 9.1374e-17
8485.875 9.417e-17
8487.4 9.0261e-17
8488.925 8.7647e-17
8490.45 8.7409e-17
8491.975 8.9883e-17
8493.5 9.0603e-17
8495.025 8.4859e-17
8496.55 8.313e-17
8498.075 8.0572e-17
8499.6 7.696e-17
8501.125 7.9978e-17
8502.65 8.4131e-17
8504.175 9.0331e-17
8505.7 8.4502e-17
8507.225 8.3347e-17
8508.75 8.1821e-17
8510.275 8.1882e-17
8511.8 8.7284e-17
8513.325 8.7421e-17
8514.85 8.3727e-17
8516.375 8.174e-17
8517.9 8.19e-17
8519.425 8.4198e-17
8520.95 8.5019e-17
8522.475 8.475e-17
8524.0 8.4282e-17
8525.525 8.308e-17
8527.05 8.2522e-17
8528.575 8.3465e-17
8530.1 8.4891e-17
8531.625 8.5013e-17
8533.15 8.5433e-17
8534.675 8.6696e-17
8536.2 8.3796e-17
8537.725 8.3849e-17
8539.25 8.7642e-17
8540.775 8.5603e-17
8542.3 8.5227e-17
8543.825 8.7531e-17
8545.35 8.4231e-17
8546.875 8.3944e-17
8548.4 8.7774e-17
8549.925 8.6153e-17
8551.45 8.0908e-17
8552.975 7.9911e-17
8554.5 9.0065e-17
8556.025 9.6062e-17
8557.55 8.9985e-17
8559.075 8.1594e-17
8560.6 8.0255e-17
8562.125 8.2785e-17
8563.65 8.0804e-17
8565.175 7.6247e-17
8566.7 7.6942e-17
8568.225 8.0056e-17
8569.75 8.3888e-17
8571.275 8.3169e-17
8572.8 8.2261e-17
8574.325 8.3211e-17
8575.85 8.2345e-17
8577.375 8.1417e-17
8578.9 7.9184e-17
8580.425 8.1547e-17
8581.95 8.1259e-17
8583.475 8.2236e-17
8585.0 7.8777e-17
8586.525 8.3206e-17
8588.05 8.8766e-17
8589.575 8.7775e-17
8591.1 7.874e-17
8592.625 7.7579e-17
8594.15 8.2985e-17
8595.675 8.2692e-17
8597.2 8.5367e-17
8598.725 8.2996e-17
8600.25 7.6094e-17
8601.775 7.5354e-17
8603.3 8.2729e-17
8604.825 8.2793e-17
8606.35 8.1616e-17
8607.875 8.5226e-17
8609.4 8.2958e-17
8610.925 8.1826e-17
8612.45 8.3374e-17
8613.975 8.0001e-17
8615.5 8.3685e-17
8617.025 8.1985e-17
8618.55 8.0464e-17
8620.075 8.1601e-17
8621.6 8.5337e-17
8623.125 8.5439e-17
8624.65 8.004e-17
8626.175 7.0615e-17
8627.7 6.5495e-17
8629.225 6.5145e-17
8630.75 7.2618e-17
8632.275 8.1338e-17
8633.8 8.0164e-17
8635.325 6.716e-17
8636.85 6.3394e-17
8638.375 8.0166e-17
8639.9 8.8441e-17
8641.425 8.4373e-17
8642.95 8.0656e-17
8644.475 7.3216e-17
8646.0 7.2897e-17
8647.525 8.5027e-17
8649.05 8.8266e-17
8650.575 8.2354e-17
8652.1 8.8816e-17
8653.625 9.0052e-17
8655.15 7.826e-17
8656.675 7.4477e-17
8658.2 7.7866e-17
8659.725 8.7679e-17
8661.25 8.6419e-17
8662.775 7.5933e-17
8664.3 7.8794e-17
8665.825 8.4795e-17
8667.35 7.9351e-17
8668.875 7.245e-17
8670.4 6.8274e-17
8671.925 6.8446e-17
8673.45 6.9489e-17
8674.975 7.5838e-17
8676.5 8.5214e-17
8678.025 8.797e-17
8679.55 8.3318e-17
8681.075 7.9351e-17
8682.6 7.1965e-17
8684.125 7.5904e-17
8685.65 8.1738e-17
8687.175 8.1099e-17
8688.7 8.088e-17
8690.225 7.712e-17
8691.75 7.7431e-17
8693.275 7.9479e-17
8694.8 7.89e-17
8696.325 7.2787e-17
8697.85 7.3435e-17
8699.375 8.3627e-17
8700.9 7.9511e-17
8702.425 7.9082e-17
8703.95 8.4253e-17
8705.475 8.2119e-17
8707.0 7.7837e-17
8708.525 7.6679e-17
8710.05 8.0309e-17
8711.575 8.1826e-17
8713.1 7.5244e-17
8714.625 7.6308e-17
8716.15 7.6634e-17
8717.675 7.5404e-17
8719.2 7.8215e-17
8720.725 8.8156e-17
8722.25 8.7839e-17
8723.775 8.0835e-17
8725.3 8.2283e-17
8726.825 8.1565e-17
8728.35 8.3185e-17
8729.875 8.4196e-17
8731.4 7.707e-17
8732.925 7.6481e-17
8734.45 8.1328e-17
8735.975 7.8807e-17
8737.5 7.263e-17
8739.025 7.3821e-17
8740.55 7.9964e-17
8742.075 8.2188e-17
8743.6 8.4366e-17
8745.125 7.727e-17
8746.65 7.1378e-17
8748.175 7.4385e-17
8749.7 7.6817e-17
8751.225 7.9187e-17
8752.75 7.7637e-17
8754.275 7.8099e-17
8755.8 8.1604e-17
8757.325 7.9803e-17
8758.85 7.0289e-17
8760.375 6.8128e-17
8761.9 8.0375e-17
8763.425 8.4692e-17
8764.95 8.1601e-17
8766.475 8.6739e-17
8768.0 9.0637e-17
8769.525 7.9849e-17
8771.05 7.5143e-17
8772.575 8.3648e-17
8774.1 8.3358e-17
8775.625 8.5239e-17
8777.15 8.7803e-17
8778.675 7.6716e-17
8780.2 7.5285e-17
8781.725 7.3851e-17
8783.25 7.5954e-17
8784.775 7.819e-17
8786.3 8.3069e-17
8787.825 8.38e-17
8789.35 8.2654e-17
8790.875 8.4027e-17
8792.4 7.704e-17
8793.925 6.6915e-17
8795.45 7.3056e-17
8796.975 7.8493e-17
8798.5 8.2672e-17
8800.025 8.2765e-17
8801.55 8.2642e-17
8803.075 8.2365e-17
8804.6 7.9877e-17
8806.125 8.1695e-17
8807.65 8.3854e-17
8809.175 7.7136e-17
8810.7 7.74e-17
8812.225 8.4837e-17
8813.75 8.5492e-17
8815.275 8.0643e-17
8816.8 7.6654e-17
8818.325 7.4787e-17
8819.85 7.1232e-17
8821.375 6.5014e-17
8822.9 8.0022e-17
8824.425 8.9712e-17
8825.95 7.4239e-17
8827.475 8.2902e-17
8829.0 6.7963e-17
8830.525 5.8716e-17
8832.05 7.1102e-17
8833.575 8.9717e-17
8835.1 9.8889e-17
8836.625 1.0204e-16
8838.15 8.813e-17
8839.675 7.6392e-17
8841.2 7.91e-17
8842.725 8.1919e-17
8844.25 8.2308e-17
8845.775 7.8088e-17
8847.3 7.6557e-17
8848.825 8.176e-17
8850.35 8.1679e-17
8851.875 7.9548e-17
8853.4 8.2785e-17
8854.925 8.6253e-17
8856.45 8.601e-17
8857.975 8.131e-17
8859.5 8.1738e-17
8861.025 8.6918e-17
8862.55 8.2557e-17
8864.075 7.9525e-17
8865.6 8.2411e-17
8867.125 9.0372e-17
8868.65 9.9939e-17
8870.175 9.0099e-17
8871.7 8.2026e-17
8873.225 8.3403e-17
8874.75 8.4179e-17
8876.275 7.8671e-17
8877.8 7.3121e-17
8879.325 7.4905e-17
8880.85 9.026e-17
8882.375 9.8479e-17
8883.9 9.1841e-17
8885.425 1.0166e-16
8886.95 9.1378e-17
8888.475 7.1406e-17
8890.0 6.9377e-17
8891.525 7.4841e-17
8893.05 7.2896e-17
8894.575 7.6715e-17
8896.1 8.089e-17
8897.625 8.0722e-17
8899.15 8.5128e-17
8900.675 8.0614e-17
8902.2 8.6103e-17
8903.725 8.7236e-17
8905.25 7.7721e-17
8906.775 7.5931e-17
8908.3 8.3794e-17
8909.825 8.2811e-17
8911.35 8.2557e-17
8912.875 8.0422e-17
8914.4 6.863e-17
8915.925 8.5896e-17
8917.45 8.2892e-17
8918.975 9.0112e-17
8920.5 1.0286e-16
8922.025 6.7839e-17
8923.55 6.4431e-17
8925.075 8.3631e-17
8926.6 8.645e-17
8928.125 8.149e-17
8929.65 8.0667e-17
8931.175 8.0181e-17
8932.7 8.4314e-17
8934.225 8.4913e-17
8935.75 7.7664e-17
8937.275 7.784e-17
8938.8 8.1733e-17
8940.325 8.1146e-17
8941.85 8.42e-17
8943.375 8.6674e-17
8944.9 8.1796e-17
8946.425 7.7526e-17
8947.95 7.5618e-17
8949.475 7.668e-17
8951.0 7.6872e-17
8952.525 7.0043e-17
8954.05 7.9818e-17
8955.575 8.8401e-17
8957.1 8.6151e-17
8958.625 9.2579e-17
8960.15 8.5151e-17
8961.675 7.1696e-17
8963.2 7.4467e-17
8964.725 7.9689e-17
8966.25 8.0908e-17
8967.775 8.1698e-17
8969.3 8.4298e-17
8970.825 7.9913e-17
8972.35 7.4005e-17
8973.875 8.355e-17
8975.4 9.0607e-17
8976.925 8.7113e-17
8978.45 8.1835e-17
8979.975 7.9269e-17
8981.5 7.6181e-17
8983.025 7.6658e-17
8984.55 7.9951e-17
8986.075 8.5278e-17
8987.6 8.7333e-17
8989.125 8.8391e-17
8990.65 7.9076e-17
8992.175 7.3164e-17
8993.7 7.3836e-17
8995.225 7.4229e-17
8996.75 7.9441e-17
8998.275 8.9936e-17
8999.8 8.5921e-17
9001.325 8.4548e-17
9002.85 8.2017e-17
9004.375 7.5979e-17
9005.9 8.1856e-17
9007.425 8.847e-17
9008.95 8.1796e-17
9010.475 8.1375e-17
9012.0 8.4813e-17
9013.525 8.4349e-17
9015.05 7.9741e-17
9016.575 8.178e-17
9018.1 8.9896e-17
9019.625 8.7753e-17
9021.15 8.634e-17
9022.675 8.8038e-17
9024.2 8.4074e-17
9025.725 7.9229e-17
9027.25 8.3257e-17
9028.775 8.5568e-17
9030.3 7.9769e-17
9031.825 7.5627e-17
9033.35 8.0905e-17
9034.875 8.5042e-17
9036.4 8.6384e-17
9037.925 8.3633e-17
9039.45 8.5274e-17
9040.975 9.2607e-17
9042.5 9.0139e-17
9044.025 7.9492e-17
9045.55 7.6394e-17
9047.075 8.3366e-17
9048.6 8.515e-17
9050.125 8.3887e-17
9051.65 8.1568e-17
9053.175 7.7842e-17
9054.7 7.4902e-17
9056.225 7.7101e-17
9057.75 7.8704e-17
9059.275 7.9403e-17
9060.8 7.8627e-17
9062.325 7.3672e-17
9063.85 7.5405e-17
9065.375 7.267e-17
9066.9 7.2118e-17
9068.425 8.1878e-17
9069.95 7.9656e-17
9071.475 7.3906e-17
9073.0 7.7373e-17
9074.525 8.3909e-17
9076.05 8.4356e-17
9077.575 8.2527e-17
9079.1 8.1117e-17
9080.625 8.1017e-17
9082.15 8.4346e-17
9083.675 8.1554e-17
9085.2 7.4823e-17
9086.725 7.3979e-17
9088.25 7.8314e-17
9089.775 8.0975e-17
9091.3 7.8883e-17
9092.825 7.8966e-17
9094.35 7.6707e-17
9095.875 7.0881e-17
9097.4 7.6314e-17
9098.925 8.7765e-17
9100.45 8.9993e-17
9101.975 8.4971e-17
9103.5 7.8735e-17
9105.025 7.5376e-17
9106.55 7.5725e-17
9108.075 7.0716e-17
9109.6 7.4088e-17
9111.125 7.6129e-17
9112.65 7.1986e-17
9114.175 8.3388e-17
9115.7 8.4606e-17
9117.225 8.1095e-17
9118.75 8.1985e-17
9120.275 7.3248e-17
9121.8 7.4844e-17
9123.325 8.4009e-17
9124.85 8.6242e-17
9126.375 8.2364e-17
9127.9 8.19e-17
9129.425 8.118e-17
9130.95 7.5649e-17
9132.475 7.6768e-17
9134.0 7.5916e-17
9135.525 7.6921e-17
9137.05 7.9687e-17
9138.575 7.6325e-17
9140.1 7.511e-17
9141.625 7.6779e-17
9143.15 7.5456e-17
9144.675 7.6743e-17
9146.2 8.0667e-17
9147.725 8.7345e-17
9149.25 8.6304e-17
9150.775 8.6628e-17
9152.3 8.8878e-17
9153.825 8.2565e-17
9155.35 7.7965e-17
9156.875 7.3222e-17
9158.4 7.5391e-17
9159.925 8.3174e-17
9161.45 8.0258e-17
9162.975 7.3874e-17
9164.5 7.3595e-17
9166.025 7.5283e-17
9167.55 7.5693e-17
9169.075 7.2321e-17
9170.6 6.4749e-17
9172.125 6.7531e-17
9173.65 8.1594e-17
9175.175 8.3984e-17
9176.7 7.9708e-17
9178.225 8.4078e-17
9179.75 8.7288e-17
9181.275 8.4863e-17
9182.8 9.019e-17
9184.325 9.3186e-17
9185.85 8.6714e-17
9187.375 8.7266e-17
9188.9 8.7748e-17
9190.425 8.8459e-17
9191.95 8.4182e-17
9193.475 7.9729e-17
9195.0 8.4815e-17
9196.525 8.5861e-17
9198.05 8.1958e-17
9199.575 8.7096e-17
9201.1 8.4212e-17
9202.625 8.5833e-17
9204.15 8.3907e-17
9205.675 8.322e-17
9207.2 8.3877e-17
9208.725 8.8586e-17
9210.25 9.0749e-17
9211.775 8.7756e-17
9213.3 8.2383e-17
9214.825 8.2447e-17
9216.35 8.7368e-17
9217.875 8.9096e-17
9219.4 8.4712e-17
9220.925 8.1378e-17
9222.45 7.946e-17
9223.975 8.7311e-17
9225.5 9.5255e-17
9227.025 9.3426e-17
9228.55 8.971e-17
9230.075 9.4217e-17
9231.6 8.5464e-17
9233.125 7.795e-17
9234.65 8.6404e-17
9236.175 9.2849e-17
9237.7 9.2243e-17
9239.225 9.3927e-17
9240.75 9.1246e-17
9242.275 8.5115e-17
9243.8 9.2364e-17
9245.325 9.5744e-17
9246.85 9.2045e-17
9248.375 9.2774e-17
9249.9 9.2624e-17
9251.425 9.6749e-17
9252.95 9.6612e-17
9254.475 8.6409e-17
9256.0 8.3535e-17
9257.525 8.421e-17
9259.05 8.7931e-17
9260.575 9.2388e-17
9262.1 9.2872e-17
9263.625 9.4753e-17
9265.15 9.5065e-17
9266.675 9.4757e-17
9268.2 9.7279e-17
9269.725 9.7741e-17
9271.25 9.4692e-17
9272.775 9.3037e-17
9274.3 8.8777e-17
9275.825 8.8673e-17
9277.35 8.6483e-17
9278.875 8.2157e-17
9280.4 9.2322e-17
9281.925 9.0859e-17
9283.45 9.4947e-17
9284.975 1.0031e-16
9286.5 9.6084e-17
9288.025 9.8728e-17
9289.55 1.0239e-16
9291.075 1.0291e-16
9292.6 8.9236e-17
9294.125 7.9482e-17
9295.65 7.8967e-17
9297.175 7.946e-17
9298.7 9.3058e-17
9300.225 9.6038e-17
9301.75 9.3983e-17
9303.275 9.8038e-17
9304.8 9.4926e-17
9306.325 9.0298e-17
9307.85 1.0102e-16
9309.375 1.1695e-16
9310.9 1.2117e-16
9312.425 1.2121e-16
9313.95 1.2748e-16
9315.475 9.9125e-17
9317.0 6.9256e-17
9318.525 7.1731e-17
9320.05 1.1072e-16
9321.575 1.1513e-16
9323.1 8.7358e-17
9324.625 1.1704e-16
9326.15 1.0312e-16
9327.675 7.7288e-17
9329.2 8.3549e-17
9330.725 8.4315e-17
9332.25 7.0773e-17
9333.775 8.8635e-17
9335.3 1.0353e-16
9336.825 9.2598e-17
9338.35 7.5288e-17
9339.875 7.0271e-17
9341.4 8.7798e-17
9342.925 1.1308e-16
9344.45 1.2086e-16
9345.975 1.1776e-16
9347.5 9.8064e-17
9349.025 8.0052e-17
9350.55 7.6205e-17
9352.075 7.7072e-17
9353.6 7.7802e-17
9355.125 8.5511e-17
9356.65 1.0817e-16
9358.175 1.0668e-16
9359.7 9.2464e-17
9361.225 8.7641e-17
9362.75 7.8633e-17
9364.275 8.7418e-17
9365.8 9.2635e-17
9367.325 7.8289e-17
9368.85 5.5508e-17
9370.375 6.3366e-17
9371.9 1.0217e-16
9373.425 1.2371e-16
9374.95 1.3466e-16
9376.475 1.2532e-16
9378.0 7.9859e-17
9379.525 5.5322e-17
9381.05 7.4495e-17
9382.575 8.1937e-17
9384.1 8.5089e-17
9385.625 9.0758e-17
9387.15 9.0306e-17
9388.675 8.281e-17
9390.2 8.9985e-17
9391.725 8.9646e-17
9393.25 7.6403e-17
9394.775 7.2165e-17
9396.3 8.2064e-17
9397.825 8.2032e-17
9399.35 7.8065e-17
9400.875 7.6724e-17
9402.4 8.8968e-17
9403.925 8.7949e-17
9405.45 7.355e-17
9406.975 6.8422e-17
9408.5 7.6085e-17
9410.025 8.6363e-17
9411.55 8.7977e-17
9413.075 8.6947e-17
9414.6 8.6491e-17
9416.125 8.6253e-17
9417.65 6.7298e-17
9419.175 8.1552e-17
9420.7 8.9491e-17
9422.225 7.7276e-17
9423.75 6.4287e-17
9425.275 6.7306e-17
9426.8 8.5062e-17
9428.325 9.4189e-17
9429.85 8.798e-17
9431.375 7.8937e-17
9432.9 6.5434e-17
9434.425 6.0046e-17
9435.95 7.9472e-17
9437.475 1.0558e-16
9439.0 1.3504e-16
9440.525 1.0914e-16
9442.05 6.5924e-17
9443.575 7.0746e-17
9445.1 8.0152e-17
9446.625 7.219e-17
9448.15 7.3912e-17
9449.675 7.5276e-17
9451.2 7.2526e-17
9452.725 6.8848e-17
9454.25 8.3146e-17
9455.775 8.6783e-17
9457.3 7.3225e-17
9458.825 6.8942e-17
9460.35 7.6203e-17
9461.875 7.9905e-17
9463.4 7.7794e-17
9464.925 7.0429e-17
9466.45 7.3247e-17
9467.975 8.5987e-17
9469.5 7.7746e-17
9471.025 7.096e-17
9472.55 8.7538e-17
9474.075 8.7613e-17
9475.6 6.1368e-17
9477.125 6.2438e-17
9478.65 7.5143e-17
9480.175 6.7878e-17
9481.7 7.5591e-17
9483.225 7.9215e-17
9484.75 7.4612e-17
9486.275 6.8226e-17
9487.8 6.9259e-17
9489.325 7.5387e-17
9490.85 7.0304e-17
9492.375 7.0644e-17
9493.9 7.8961e-17
9495.425 7.8014e-17
9496.95 5.8281e-17
9498.475 6.0867e-17
9500.0 7.9674e-17
9501.525 8.7354e-17
9503.05 9.2682e-17
9504.575 7.8859e-17
9506.1 6.945e-17
9507.625 7.0771e-17
9509.15 7.1406e-17
9510.675 6.6881e-17
9512.2 6.0347e-17
9513.725 6.0871e-17
9515.25 6.8184e-17
9516.775 7.9327e-17
9518.3 8.1794e-17
9519.825 8.0152e-17
9521.35 6.9444e-17
9522.875 6.7172e-17
9524.4 7.0184e-17
9525.925 6.5531e-17
9527.45 6.5973e-17
9528.975 6.6136e-17
9530.5 5.5021e-17
9532.025 5.8004e-17
9533.55 7.3502e-17
9535.075 7.5959e-17
9536.6 7.3245e-17
9538.125 6.6222e-17
9539.65 6.0015e-17
9541.175 6.5713e-17
9542.7 7.1965e-17
9544.225 7.2832e-17
9545.75 7.3831e-17
9547.275 7.698e-17
9548.8 7.5157e-17
9550.325 6.719e-17
9551.85 7.5099e-17
9553.375 8.9473e-17
9554.9 7.7411e-17
9556.425 7.0955e-17
9557.95 6.8699e-17
9559.475 6.8354e-17
9561.0 6.5524e-17
9562.525 7.2445e-17
9564.05 9.3449e-17
9565.575 1.0712e-16
9567.1 1.1426e-16
9568.625 8.3973e-17
9570.15 5.5647e-17
9571.675 6.3144e-17
9573.2 7.653e-17
9574.725 7.3806e-17
9576.25 6.7347e-17
9577.775 6.8548e-17
9579.3 7.1337e-17
9580.825 7.4125e-17
9582.35 7.4743e-17
9583.875 7.3111e-17
9585.4 6.8882e-17
9586.925 6.8713e-17
9588.45 6.9476e-17
9589.975 7.6044e-17
9591.5 8.4857e-17
9593.025 8.3904e-17
9594.55 7.9231e-17
9596.075 7.0878e-17
9597.6 7.1768e-17
9599.125 7.5662e-17
9600.65 6.816e-17
9602.175 7.2294e-17
9603.7 8.0589e-17
9605.225 8.315e-17
9606.75 7.4241e-17
9608.275 6.654e-17
9609.8 6.8886e-17
9611.325 7.1035e-17
9612.85 7.2121e-17
9614.375 7.9937e-17
9615.9 8.6234e-17
9617.425 7.8366e-17
9618.95 7.6395e-17
9620.475 8.1577e-17
9622.0 7.5035e-17
9623.525 7.013e-17
9625.05 7.1874e-17
9626.575 7.5021e-17
9628.1 7.6919e-17
9629.625 8.0341e-17
9631.15 7.9919e-17
9632.675 7.0522e-17
9634.2 7.0562e-17
9635.725 8.3103e-17
9637.25 8.4407e-17
9638.775 8.0921e-17
9640.3 8.578e-17
9641.825 8.3167e-17
9643.35 7.6629e-17
9644.875 7.5162e-17
9646.4 7.8354e-17
9647.925 7.7022e-17
9649.45 6.4346e-17
9650.975 7.0449e-17
9652.5 8.1302e-17
9654.025 7.3122e-17
9655.55 7.0677e-17
9657.075 7.8529e-17
9658.6 8.2396e-17
9660.125 8.2816e-17
9661.65 8.662e-17
9663.175 9.0888e-17
9664.7 1.0197e-16
9666.225 9.4718e-17
9667.75 8.4973e-17
9669.275 8.3515e-17
9670.8 8.3063e-17
9672.325 7.0611e-17
9673.85 6.9623e-17
9675.375 7.5348e-17
9676.9 7.691e-17
9678.425 9.0398e-17
9679.95 1.0532e-16
9681.475 9.9976e-17
9683.0 8.712e-17
9684.525 7.9009e-17
9686.05 7.5359e-17
9687.575 8.5736e-17
9689.1 8.7543e-17
9690.625 8.144e-17
9692.15 8.0271e-17
9693.675 7.4392e-17
9695.2 7.6021e-17
9696.725 8.2897e-17
9698.25 9.2005e-17
9699.775 9.5019e-17
9701.3 8.5037e-17
9702.825 7.8076e-17
9704.35 8.7731e-17
9705.875 9.0695e-17
9707.4 9.7777e-17
9708.925 1.0417e-16
9710.45 9.0794e-17
9711.975 8.6143e-17
9713.5 7.6342e-17
9715.025 7.7027e-17
9716.55 9.5324e-17
9718.075 9.4902e-17
9719.6 9.4996e-17
9721.125 9.7239e-17
9722.65 7.7734e-17
9724.175 8.2634e-17
9725.7 8.8051e-17
9727.225 8.4462e-17
9728.75 8.1432e-17
9730.275 8.2288e-17
9731.8 7.7809e-17
9733.325 8.4752e-17
9734.85 8.2416e-17
9736.375 7.0933e-17
9737.9 7.3517e-17
9739.425 8.0192e-17
9740.95 8.3826e-17
9742.475 8.6686e-17
9744.0 8.5833e-17
9745.525 9.238e-17
9747.05 8.2953e-17
9748.575 8.208e-17
9750.1 8.4641e-17
9751.625 9.1935e-17
9753.15 9.4191e-17
9754.675 9.1163e-17
9756.2 8.7982e-17
9757.725 8.4137e-17
9759.25 8.1582e-17
9760.775 9.333e-17
9762.3 9.5755e-17
9763.825 9.6276e-17
9765.35 9.9312e-17
9766.875 9.7264e-17
9768.4 8.9236e-17
9769.925 8.5566e-17
9771.45 8.9811e-17
9772.975 9.2598e-17
9774.5 9.6431e-17
9776.025 9.5278e-17
9777.55 9.5578e-17
9779.075 9.3661e-17
9780.6 8.8012e-17
9782.125 8.4424e-17
9783.65 8.6717e-17
9785.175 9.4139e-17
9786.7 1.0582e-16
9788.225 1.113e-16
9789.75 1.1896e-16
9791.275 1.2094e-16
9792.8 8.8385e-17
9794.325 6.7337e-17
9795.85 8.7314e-17
9797.375 9.6943e-17
9798.9 8.0806e-17
9800.425 7.9084e-17
9801.95 9.1764e-17
9803.475 9.2221e-17
9805.0 8.5353e-17
9806.525 9.3518e-17
9808.05 1.0901e-16
9809.575 1.05e-16
9811.1 8.5015e-17
9812.625 9.1917e-17
9814.15 1.0681e-16
9815.675 9.2467e-17
9817.2 9.1694e-17
9818.725 9.7913e-17
9820.25 1.0073e-16
9821.775 9.9808e-17
9823.3 8.8434e-17
9824.825 8.2043e-17
9826.35 6.9367e-17
9827.875 7.8095e-17
9829.4 9.7921e-17
9830.925 1.0137e-16
9832.45 1.0092e-16
9833.975 9.5133e-17
9835.5 9.3612e-17
9837.025 9.6105e-17
9838.55 9.0007e-17
9840.075 8.4004e-17
9841.6 8.8307e-17
9843.125 8.7607e-17
9844.65 7.1612e-17
9846.175 6.8836e-17
9847.7 8.3171e-17
9849.225 9.7166e-17
9850.75 8.9585e-17
9852.275 8.5404e-17
9853.8 8.938e-17
9855.325 1.0245e-16
9856.85 1.0397e-16
9858.375 9.8111e-17
9859.9 9.8262e-17
9861.425 9.8094e-17
9862.95 8.7901e-17
9864.475 1.021e-16
9866.0 9.6114e-17
9867.525 5.9631e-17
9869.05 6.2507e-17
9870.575 7.6118e-17
9872.1 9.7276e-17
9873.625 8.4524e-17
9875.15 6.5334e-17
9876.675 7.0156e-17
9878.2 8.2261e-17
9879.725 9.6587e-17
9881.25 9.9964e-17
9882.775 9.8038e-17
9884.3 1.0011e-16
9885.825 9.7476e-17
9887.35 8.5158e-17
9888.875 7.7571e-17
9890.4 8.266e-17
9891.925 9.5559e-17
9893.45 1.0224e-16
9894.975 1.0079e-16
9896.5 9.4989e-17
9898.025 7.8553e-17
9899.55 6.8318e-17
9901.075 7.6229e-17
9902.6 8.1848e-17
9904.125 8.2215e-17
9905.65 8.8825e-17
9907.175 8.7663e-17
9908.7 8.4026e-17
9910.225 8.9276e-17
9911.75 8.6187e-17
9913.275 8.8228e-17
9914.8 9.6634e-17
9916.325 9.5837e-17
9917.85 9.4429e-17
9919.375 8.9935e-17
9920.9 8.5713e-17
9922.425 8.4535e-17
9923.95 8.8722e-17
9925.475 8.9046e-17
9927.0 9.3632e-17
9928.525 9.6668e-17
9930.05 9.113e-17
9931.575 9.1576e-17
9933.1 9.4355e-17
9934.625 9.1542e-17
9936.15 8.9614e-17
9937.675 8.8059e-17
9939.2 7.8655e-17
9940.725 8.5584e-17
9942.25 1.1559e-16
9943.775 1.3375e-16
9945.3 1.0558e-16
9946.825 1.0152e-16
9948.35 7.5188e-17
9949.875 5.9094e-17
9951.4 7.4149e-17
9952.925 1.175e-16
9954.45 1.2139e-16
9955.975 9.4e-17
9957.5 9.5086e-17
9959.025 1.0657e-16
9960.55 1.0598e-16
9962.075 9.1925e-17
9963.6 7.5244e-17
9965.125 6.485e-17
9966.65 6.1471e-17
9968.175 7.0099e-17
9969.7 9.393e-17
9971.225 8.9307e-17
9972.75 9.5219e-17
9974.275 8.857e-17
9975.8 6.6368e-17
9977.325 7.7083e-17
9978.85 9.5669e-17
9980.375 8.7266e-17
9981.9 9.0273e-17
9983.425 7.6176e-17
9984.95 5.979e-17
9986.475 7.7346e-17
9988.0 9.4866e-17
9989.525 9.5425e-17
9991.05 8.6223e-17
9992.575 8.788e-17
9994.1 8.6437e-17
9995.625 8.8015e-17
9997.15 8.4717e-17
9998.675 9.0579e-17
10000.2 9.422e-17
10001.725 7.9832e-17
10003.25 7.7214e-17
10004.775 8.5305e-17
10006.3 8.8547e-17
10007.825 9.0114e-17
10009.35 1.0099e-16
10010.875 8.3929e-17
10012.4 6.4039e-17
10013.925 9.0547e-17
10015.45 7.6832e-17
10016.975 5.0103e-17
10018.5 6.9952e-17
10020.025 7.5217e-17
10021.55 9.0416e-17
10023.075 9.7284e-17
10024.6 8.2924e-17
10026.125 9.8073e-17
10027.65 9.5882e-17
10029.175 8.7926e-17
10030.7 8.7727e-17
10032.225 8.5117e-17
10033.75 1.0256e-16
10035.275 9.792e-17
10036.8 7.7591e-17
10038.325 7.5319e-17
10039.85 9.9165e-17
10041.375 1.0075e-16
10042.9 1.0235e-16
10044.425 9.9087e-17
10045.95 7.6597e-17
10047.475 8.1264e-17
10049.0 8.0851e-17
10050.525 8.5561e-17
10052.05 8.4356e-17
10053.575 7.9362e-17
10055.1 8.1198e-17
10056.625 6.9513e-17
10058.15 8.0266e-17
10059.675 8.8517e-17
10061.2 9.3237e-17
10062.725 1.0056e-16
10064.25 8.3088e-17
10065.775 6.9002e-17
10067.3 8.5968e-17
10068.825 9.7068e-17
10070.35 1.0238e-16
10071.875 1.0322e-16
10073.4 8.8534e-17
10074.925 7.6681e-17
10076.45 6.6476e-17
10077.975 5.3246e-17
10079.5 9.0968e-17
10081.025 1.2127e-16
10082.55 1.2094e-16
10084.075 1.0422e-16
10085.6 5.2688e-17
10087.125 3.944e-17
10088.65 6.8998e-17
10090.175 7.7786e-17
10091.7 8.2373e-17
10093.225 8.2194e-17
10094.75 8.3807e-17
10096.275 9.3034e-17
10097.8 7.9934e-17
10099.325 7.3313e-17
10100.85 8.97e-17
10102.375 7.8807e-17
10103.9 6.4367e-17
10105.425 6.3853e-17
10106.95 8.1905e-17
10108.475 9.0104e-17
10110.0 7.405e-17
10111.525 7.7428e-17
10113.05 9.5285e-17
10114.575 7.8116e-17
10116.1 5.4505e-17
10117.625 6.0392e-17
10119.15 7.9543e-17
10120.675 1.0133e-16
10122.2 1.1341e-16
10123.725 9.8043e-17
10125.25 8.9204e-17
10126.775 8.5624e-17
10128.3 6.9256e-17
10129.825 5.8602e-17
10131.35 5.1835e-17
10132.875 6.3409e-17
10134.4 7.6852e-17
10135.925 6.9336e-17
10137.45 6.091e-17
10138.975 7.5566e-17
10140.5 7.221e-17
10142.025 7.7409e-17
10143.55 7.1258e-17
10145.075 5.2946e-17
10146.6 4.9338e-17
10148.125 6.1413e-17
10149.65 6.0759e-17
10151.175 3.8118e-17
10152.7 4.7667e-17
10154.225 7.6353e-17
10155.75 7.2136e-17
10157.275 7.5138e-17
10158.8 6.4079e-17
10160.325 5.1512e-17
10161.85 5.3631e-17
10163.375 6.6216e-17
10164.9 7.523e-17
10166.425 6.9504e-17
10167.95 6.911e-17
10169.475 7.5096e-17
10171.0 5.9563e-17
10172.525 2.8456e-17
10174.05 3.0023e-17
10175.575 2.215e-17
10177.1 4.3195e-17
10178.625 6.768e-17
10180.15 8.8956e-17
10181.675 1.0493e-16
10183.2 8.2632e-17
10184.725 5.7115e-17
10186.25 7.6082e-17
10187.775 8.4507e-17
10189.3 8.3727e-17
10190.825 5.86e-17
10192.35 3.6585e-17
10193.875 4.6839e-17
10195.4 6.5554e-17
10196.925 6.629e-17
10198.45 7.7427e-17
10199.975 6.2518e-17
10201.5 3.9383e-17
10203.025 5.9101e-17
10204.55 6.5915e-17
10206.075 3.6938e-17
10207.6 3.4388e-17
10209.125 9.6621e-17
10210.65 9.6356e-17
10212.175 6.1943e-17
10213.7 6.4104e-17
10215.225 9.0844e-17
10216.75 8.4113e-17
10218.275 7.1388e-17
10219.8 5.7855e-17
10221.325 8.5729e-17
10222.85 1.0697e-16
10224.375 7.7852e-17
10225.9 5.8325e-17
10227.425 5.9595e-17
10228.95 8.2052e-17
10230.475 9.8456e-17
10232.0 8.8742e-17
10233.525 6.7869e-17
10235.05 4.8528e-17
10236.575 3.5412e-17
10238.1 2.8861e-17
10239.625 2.5311e-17
10241.15 2.6232e-17
10242.675 5.4579e-17
10244.2 7.2956e-17
10245.725 5.4686e-17
10247.25 6.5033e-17
10248.775 6.4274e-17
10250.3 5.3339e-17
10251.825 6.3658e-17
10253.35 4.4245e-17
10254.875 4.2164e-17
10256.4 5.1334e-17
10257.925 8.4051e-17
10259.45 8.5219e-17
10260.975 8.6505e-17
10262.5 4.9627e-17
10264.025 1.3855e-17
10265.55 1.8007e-17
10267.075 2.3066e-17
10268.6 4.8873e-17
10270.125 7.0371e-17
10271.65 4.6887e-17
10273.175 3.2754e-17
10274.7 3.1387e-17
10276.225 8.8461e-17
10277.75 1.0404e-16
10279.275 9.6735e-17
10280.8 7.2212e-17
10282.325 1.0119e-16
10283.85 1.2587e-16
10285.375 3.3034e-17
10286.9 6.2015e-17
10288.425 1.5013e-16
10289.95 8.2636e-17
10291.475 1.9648e-17
10293.0 1.0869e-16
10294.525 8.7288e-17
10296.05 -1.0573e-17
10297.575 4.2131e-17
10299.1 1.067e-16
10300.625 9.9556e-17
10302.15 7.1084e-17
10303.675 1.0369e-16
10305.2 1.5697e-16
10306.725 6.5794e-17
10308.25 2.5157e-17
10309.775 3.5327e-17
10311.3 4.7031e-17
10312.825 8.0558e-17
10314.35 7.2107e-17
10315.875 8.8839e-17
10317.4 7.8621e-17
10318.925 4.6093e-17
10320.45 7.396e-17
10321.975 7.0006e-17
10323.5 2.7326e-17
10325.025 5.9423e-17
10326.55 8.8882e-17
10328.075 7.2896e-17
10329.6 7.9867e-17
10331.125 9.112e-17
10332.65 7.9241e-17
10334.175 5.7204e-17
10335.7 3.9056e-17
10337.225 6.412e-17
10338.75 1.1587e-16
10340.275 1.4408e-16
10341.8 1.5911e-16
10343.325 1.5338e-16
10344.85 1.1412e-16
10346.375 3.273e-17
10347.9 2.3315e-17
10349.425 7.9141e-17
10350.95 9.6407e-17
10352.475 8.6653e-17
10354.0 4.129e-17
10355.525 4.8864e-17
10357.05 1.0468e-16
10358.575 7.2465e-17
10360.1 4.5044e-17
10361.625 9.1015e-17
10363.15 7.0026e-17
10364.675 1.1909e-17
10366.2 2.3257e-17
10367.725 3.7157e-17
10369.25 2.0007e-17
10370.775 -4.2187e-18
10372.3 1.2433e-17
10373.825 8.6994e-17
10375.35 1.0682e-16
10376.875 4.2664e-17
10378.4 4.4806e-17
10379.925 8.1024e-17
10381.45 1.1185e-16
10382.975 6.5686e-17
10384.5 1.4839e-17
10386.025 3.9854e-17
10387.55 7.5363e-17
10389.075 6.2867e-17
10390.6 5.0612e-17
10392.125 1.0344e-17
10393.65 4.8944e-17
10395.175 5.9003e-17
10396.7 2.6745e-17
10398.225 5.7514e-17
10399.75 8.4851e-17
10401.275 1.066e-16
10402.8 6.4565e-17
10404.325 2.9739e-17
10405.85 8.7022e-17
10407.375 8.6698e-17
10408.9 7.7848e-17
10410.425 5.1678e-17
10411.95 -1.5367e-17
10413.475 1.0217e-17
10415.0 1.0936e-16
10416.525 1.1848e-16
10418.05 4.3553e-18
10419.575 3.4968e-17
10421.1 3.6195e-17
10422.625 9.3511e-18
10424.15 9.7775e-17
10425.675 8.7843e-17
10427.2 3.9321e-17
10428.725 3.9043e-17
10430.25 1.0164e-17
10431.775 4.5874e-17
10433.3 9.4087e-17
10434.825 4.7658e-17
10436.35 2.8027e-17
10437.875 7.4323e-17
10439.4 2.5842e-17
10440.925 1.2479e-17
10442.45 8.5764e-17
10443.975 5.2591e-17
10445.5 2.597e-17
10447.025 1.9665e-17
10448.55 8.9903e-18
10450.075 2.9161e-18
10451.6 3.8784e-17
10453.125 5.768e-17
10454.65 6.1872e-17
10456.175 4.3681e-17
10457.7 7.5451e-17
10459.225 5.553e-17
10460.75 4.3255e-17
10462.275 5.4503e-17
10463.8 4.4779e-17
10465.325 6.2774e-17
10466.85 7.1685e-17
10468.375 4.2443e-17
10469.9 2.1695e-17
10471.425 -1.5556e-17
10472.95 -1.2207e-17
10474.475 -1.8717e-17
10476.0 -2.1356e-17
10477.525 5.1734e-17
10479.05 6.3556e-17
10480.575 1.7303e-17
10482.1 2.2042e-17
10483.625 5.3973e-17
10485.15 6.7235e-17
10486.675 5.0705e-17
10488.2 3.742e-17
10489.725 2.432e-17
10491.25 2.5708e-17
10492.775 4.1951e-17
10494.3 3.1167e-17
10495.825 4.6731e-17
10497.35 4.787e-17
10498.875 2.7054e-17
10500.4 2.1935e-17
