3600.0 3.3131e-17
3601.525 2.7633e-17
3603.05 2.2755e-17
3604.575 2.2136e-17
3606.1 4.4431e-17
3607.625 3.8475e-17
3609.15 4.0666e-17
3610.675 4.5967e-17
3612.2 3.423e-17
3613.725 3.7397e-17
3615.25 3.3365e-17
3616.775 2.3344e-17
3618.3 2.217e-17
3619.825 2.3422e-17
3621.35 3.0617e-17
3622.875 3.6648e-17
3624.4 3.7697e-17
3625.925 4.5582e-17
3627.45 3.2498e-17
3628.975 3.354e-17
3630.5 3.3945e-17
3632.025 3.0467e-17
3633.55 4.5284e-17
3635.075 3.7639e-17
3636.6 4.1904e-17
3638.125 4.4428e-17
3639.65 4.2084e-17
3641.175 4.4411e-17
3642.7 3.8466e-17
3644.225 3.3703e-17
3645.75 3.8631e-17
3647.275 3.6289e-17
3648.8 3.7255e-17
3650.325 3.4726e-17
3651.85 5.1209e-17
3653.375 4.1218e-17
3654.9 4.3794e-17
3656.425 4.776e-17
3657.95 3.3698e-17
3659.475 3.3808e-17
3661.0 3.9633e-17
3662.525 4.8063e-17
3664.05 4.9026e-17
3665.575 4.4661e-17
3667.1 4.0016e-17
3668.625 4.8548e-17
3670.15 4.2711e-17
3671.675 4.1608e-17
3673.2 2.9873e-17
3674.725 4.7432e-17
3676.25 5.1109e-17
3677.775 3.0433e-17
3679.3 4.3142e-17
3680.825 5.0944e-17
3682.35 4.5471e-17
3683.875 5.6695e-17
3685.4 4.691e-17
3686.925 3.7405e-17
3688.45 4.3567e-17
3689.975 4.7387e-17
3691.5 5.6309e-17
3693.025 4.4794e-17
3694.55 3.4819e-17
3696.075 3.3078e-17
3697.6 3.7142e-17
3699.125 5.1723e-17
3700.65 4.4445e-17
3702.175 2.6737e-17
3703.7 3.8393e-17
3705.225 4.3794e-17
3706.75 4.7105e-17
3708.275 4.2131e-17
3709.8 3.1627e-17
3711.325 4.1514e-17
3712.85 3.8043e-17
3714.375 3.5472e-17
3715.9 2.5247e-17
3717.425 2.558e-17
3718.95 2.4031e-17
3720.475 3.4219e-17
3722.0 4.0316e-17
3723.525 4.0697e-17
3725.05 2.8447e-17
3726.575 3.4873e-17
3728.1 5.2222e-17
3729.625 4.7035e-17
3731.15 3.3255e-17
3732.675 2.8788e-17
3734.2 4.4342e-17
3735.725 3.5143e-17
3737.25 2.7398e-17
3738.775 3.4019e-17
3740.3 3.9609e-17
3741.825 3.0549e-17
3743.35 3.2956e-17
3744.875 3.5248e-17
3746.4 3.6859e-17
3747.925 3.3979e-17
3749.45 2.3551e-17
3750.975 2.7925e-17
3752.5 2.8577e-17
3754.025 2.6763e-17
3755.55 2.5739e-17
3757.075 2.0162e-17
3758.6 2.7357e-17
3760.125 2.0052e-17
3761.65 1.8248e-17
3763.175 2.2772e-17
3764.7 1.8489e-17
3766.225 1.6991e-17
3767.75 1.8151e-17
3769.275 2.3914e-17
3770.8 2.1455e-17
3772.325 2.1009e-17
3773.85 2.062e-17
3775.375 1.5631e-17
3776.9 8.8106e-18
3778.425 1.1374e-17
3779.95 1.1885e-17
3781.475 1.5634e-17
3783.0 1.5215e-17
3784.525 1.5952e-17
3786.05 2.0933e-17
3787.575 1.8906e-17
3789.1 9.0286e-18
3790.625 1.2832e-17
3792.15 1.9925e-17
3793.675 1.0858e-17
3795.2 8.2737e-18
3796.725 2.5765e-18
3798.25 3.7487e-18
3799.775 5.4734e-18
3801.3 1.3605e-17
3802.825 1.4489e-17
3804.35 7.5564e-18
3805.875 9.0423e-18
3807.4 1.9112e-17
3808.925 1.5316e-17
3810.45 1.213e-17
3811.975 9.8034e-18
3813.5 7.3597e-18
3815.025 6.0269e-18
3816.55 1.4592e-17
3818.075 1.4097e-17
3819.6 1.0477e-17
3821.125 1.3048e-17
3822.65 4.9812e-18
3824.175 1.2788e-17
3825.7 1.3488e-17
3827.225 1.4056e-17
3828.75 1.1664e-17
3830.275 1.6228e-17
3831.8 1.2928e-17
3833.325 1.0581e-17
3834.85 1.4462e-17
3836.375 1.4736e-17
3837.9 1.5862e-17
3839.425 1.0319e-17
3840.95 1.3969e-17
3842.475 2.0387e-17
3844.0 1.8723e-17
3845.525 2.0712e-17
3847.05 1.7075e-17
3848.575 1.2821e-17
3850.1 1.8591e-17
3851.625 1.3245e-17
3853.15 8.8182e-18
3854.675 8.5428e-18
3856.2 1.3582e-17
3857.725 1.2122e-17
3859.25 1.3221e-17
3860.775 1.5439e-17
3862.3 1.1683e-17
3863.825 1.2346e-17
3865.35 1.4621e-17
3866.875 1.6757e-17
3868.4 1.1626e-17
3869.925 1.0921e-17
3871.45 1.4411e-17
3872.975 1.2434e-17
3874.5 1.257e-17
3876.025 1.4224e-17
3877.55 2.0488e-17
3879.075 2.1234e-17
3880.6 2.2884e-17
3882.125 1.2477e-17
3883.65 1.9359e-17
3885.175 1.7871e-17
3886.7 1.9688e-17
3888.225 2.1088e-17
3889.75 1.9322e-17
3891.275 1.8652e-17
3892.8 2.1721e-17
3894.325 2.1057e-17
3895.85 2.218e-17
3897.375 2.0898e-17
3898.9 2.2554e-17
3900.425 2.3265e-17
3901.95 2.2617e-17
3903.475 2.043e-17
3905.0 2.1106e-17
3906.525 2.8945e-17
3908.05 3.6397e-17
3909.575 3.0772e-17
3911.1 2.4307e-17
3912.625 2.6448e-17
3914.15 2.4582e-17
3915.675 2.0529e-17
3917.2 2.7843e-17
3918.725 3.7251e-17
3920.25 3.7714e-17
3921.775 3.0013e-17
3923.3 2.7405e-17
3924.825 3.3633e-17
3926.35 3.2595e-17
3927.875 3.4529e-17
3929.4 3.6855e-17
3930.925 3.5117e-17
3932.45 4.0101e-17
3933.975 3.4105e-17
3935.5 3.2842e-17
3937.025 3.1798e-17
3938.55 3.4743e-17
3940.075 3.3593e-17
3941.6 4.2298e-17
3943.125 3.7171e-17
3944.65 3.9434e-17
3946.175 4.8291e-17
3947.7 4.4715e-17
3949.225 4.8723e-17
3950.75 5.1943e-17
3952.275 4.3714e-17
3953.8 4.4404e-17
3955.325 4.6576e-17
3956.85 4.7515e-17
3958.375 4.3724e-17
3959.9 4.7017e-17
3961.425 4.5534e-17
3962.95 4.6037e-17
3964.475 4.9203e-17
3966.0 4.9912e-17
3967.525 5.2863e-17
3969.05 5.0539e-17
3970.575 4.9214e-17
3972.1 4.4285e-17
3973.625 4.9472e-17
3975.15 5.0444e-17
3976.675 5.149e-17
3978.2 5.0738e-17
3979.725 5.3033e-17
3981.25 5.4132e-17
3982.775 5.4797e-17
3984.3 5.2413e-17
3985.825 4.8724e-17
3987.35 5.0171e-17
3988.875 5.3929e-17
3990.4 5.5894e-17
3991.925 5.4234e-17
3993.45 6.1497e-17
3994.975 5.4806e-17
3996.5 5.9044e-17
3998.025 5.5612e-17
3999.55 4.7686e-17
4001.075 5.3715e-17
4002.6 5.7071e-17
4004.125 5.6082e-17
4005.65 4.9621e-17
4007.175 5.1212e-17
4008.7 6.079e-17
4010.225 6.3738e-17
4011.75 6.1015e-17
4013.275 5.4552e-17
4014.8 5.2509e-17
4016.325 4.3582e-17
4017.85 3.5638e-17
4019.375 3.7576e-17
4020.9 4.2937e-17
4022.425 4.9786e-17
4023.95 5.3291e-17
4025.475 5.5039e-17
4027.0 4.0792e-17
4028.525 3.4346e-17
4030.05 4.3189e-17
4031.575 4.8854e-17
4033.1 5.0423e-17
4034.625 5.6108e-17
4036.15 5.6954e-17
4037.675 5.7443e-17
4039.2 5.919e-17
4040.725 5.6195e-17
4042.25 5.5916e-17
4043.775 5.024e-17
4045.3 6.2372e-17
4046.825 6.7498e-17
4048.35 5.455e-17
4049.875 4.343e-17
4051.4 4.3186e-17
4052.925 5.3109e-17
4054.45 6.1181e-17
4055.975 5.6316e-17
4057.5 5.6414e-17
4059.025 5.044e-17
4060.55 4.4333e-17
4062.075 4.6065e-17
4063.6 5.1853e-17
4065.125 4.5201e-17
4066.65 4.8787e-17
4068.175 4.943e-17
4069.7 4.6055e-17
4071.225 4.7331e-17
4072.75 4.8662e-17
4074.275 4.4029e-17
4075.8 4.4469e-17
4077.325 4.6142e-17
4078.85 4.8975e-17
4080.375 4.7972e-17
4081.9 4.716e-17
4083.425 4.6237e-17
4084.95 3.6985e-17
4086.475 3.6387e-17
4088.0 4.1478e-17
4089.525 4.1021e-17
4091.05 4.3426e-17
4092.575 4.6514e-17
4094.1 4.8096e-17
4095.625 4.4021e-17
4097.15 4.0776e-17
4098.675 4.2964e-17
4100.2 4.2228e-17
4101.725 4.103e-17
4103.25 4.4817e-17
4104.775 4.0491e-17
4106.3 4.4158e-17
4107.825 5.0298e-17
4109.35 5.3015e-17
4110.875 4.9417e-17
4112.4 4.2546e-17
4113.925 4.3834e-17
4115.45 5.1721e-17
4116.975 5.0806e-17
4118.5 4.7612e-17
4120.025 3.7203e-17
4121.55 4.3739e-17
4123.075 4.9711e-17
4124.6 5.0737e-17
4126.125 4.8314e-17
4127.65 4.6267e-17
4129.175 4.3858e-17
4130.7 4.124e-17
4132.225 4.4416e-17
4133.75 4.2368e-17
4135.275 4.5868e-17
4136.8 4.5908e-17
4138.325 4.9077e-17
4139.85 4.4769e-17
4141.375 4.6075e-17
4142.9 4.588e-17
4144.425 4.7108e-17
4145.95 4.8993e-17
4147.475 4.0703e-17
4149.0 3.8547e-17
4150.525 4.4781e-17
4152.05 4.4297e-17
4153.575 4.8621e-17
4155.1 4.4381e-17
4156.625 5.005e-17
4158.15 5.0171e-17
4159.675 4.9632e-17
4161.2 4.7723e-17
4162.725 5.2466e-17
4164.25 5.4898e-17
4165.775 5.2329e-17
4167.3 5.0476e-17
4168.825 5.0772e-17
4170.35 5.1566e-17
4171.875 5.2424e-17
4173.4 5.227e-17
4174.925 5.6167e-17
4176.45 5.4306e-17
4177.975 4.9341e-17
4179.5 5.6918e-17
4181.025 5.4943e-17
4182.55 5.4269e-17
4184.075 4.9177e-17
4185.6 5.44e-17
4187.125 5.7137e-17
4188.65 5.012e-17
4190.175 4.9876e-17
4191.7 5.1655e-17
4193.225 5.4188e-17
4194.75 6.1383e-17
4196.275 6.8359e-17
4197.8 4.9842e-17
4199.325 5.5935e-17
4200.85 5.9971e-17
4202.375 5.8712e-17
4203.9 5.5379e-17
4205.425 5.4357e-17
4206.95 5.8915e-17
4208.475 5.9714e-17
4210.0 5.5572e-17
4211.525 4.3179e-17
4213.05 4.8223e-17
4214.575 5.6652e-17
4216.1 5.9755e-17
4217.625 5.2743e-17
4219.15 6.2384e-17
4220.675 5.8163e-17
4222.2 5.0593e-17
4223.725 5.6735e-17
4225.25 6.7693e-17
4226.775 6.108e-17
4228.3 6.7137e-17
4229.825 5.4304e-17
4231.35 5.2201e-17
4232.875 5.3103e-17
4234.4 5.5998e-17
4235.925 5.6697e-17
4237.45 6.6364e-17
4238.975 5.9347e-17
4240.5 5.9927e-17
4242.025 5.6024e-17
4243.55 5.3921e-17
4245.075 5.8384e-17
4246.6 5.9797e-17
4248.125 5.8336e-17
4249.65 5.8886e-17
4251.175 4.8746e-17
4252.7 6.0034e-17
4254.225 5.6379e-17
4255.75 6.0819e-17
4257.275 6.4045e-17
4258.8 5.7497e-17
4260.325 5.6875e-17
4261.85 5.7453e-17
4263.375 5.6285e-17
4264.9 6.0454e-17
4266.425 6.2767e-17
4267.95 6.2487e-17
4269.475 6.2559e-17
4271.0 5.9196e-17
4272.525 5.091e-17
4274.05 5.137e-17
4275.575 5.0087e-17
4277.1 6.0159e-17
4278.625 6.0816e-17
4280.15 5.8341e-17
4281.675 5.9545e-17
4283.2 5.7933e-17
4284.725 5.6856e-17
4286.25 5.6292e-17
4287.775 5.8017e-17
4289.3 5.6511e-17
4290.825 6.0135e-17
4292.35 6.151e-17
4293.875 5.762e-17
4295.4 5.3831e-17
4296.925 5.8549e-17
4298.45 6.1086e-17
4299.975 5.8896e-17
4301.5 6.0975e-17
4303.025 5.1525e-17
4304.55 4.6839e-17
4306.075 5.0778e-17
4307.6 6.0411e-17
4309.125 5.9173e-17
4310.65 5.3069e-17
4312.175 4.7684e-17
4313.7 5.3665e-17
4315.225 5.2213e-17
4316.75 4.7255e-17
4318.275 4.8927e-17
4319.8 4.8053e-17
4321.325 4.6123e-17
4322.85 5.352e-17
4324.375 5.6137e-17
4325.9 5.1554e-17
4327.425 4.8082e-17
4328.95 5.2524e-17
4330.475 5.0082e-17
4332.0 4.7632e-17
4333.525 4.7266e-17
4335.05 4.5181e-17
4336.575 4.6986e-17
4338.1 4.8364e-17
4339.625 4.5269e-17
4341.15 4.2831e-17
4342.675 4.3751e-17
4344.2 4.5749e-17
4345.725 5.2008e-17
4347.25 5.0464e-17
4348.775 4.9934e-17
4350.3 4.2376e-17
4351.825 4.4408e-17
4353.35 4.3947e-17
4354.875 3.8103e-17
4356.4 5.059e-17
4357.925 6.7161e-17
4359.45 6.1637e-17
4360.975 4.3486e-17
4362.5 4.0681e-17
4364.025 4.3923e-17
4365.55 4.1223e-17
4367.075 3.1239e-17
4368.6 3.2141e-17
4370.125 4.2655e-17
4371.65 4.6403e-17
4373.175 4.4981e-17
4374.7 4.2193e-17
4376.225 5.2039e-17
4377.75 5.2897e-17
4379.275 5.115e-17
4380.8 5.36e-17
4382.325 5.168e-17
4383.85 4.6979e-17
4385.375 4.4337e-17
4386.9 4.951e-17
4388.425 6.0086e-17
4389.95 5.5582e-17
4391.475 4.7952e-17
4393.0 5.595e-17
4394.525 4.9624e-17
4396.05 5.0491e-17
4397.575 5.8059e-17
4399.1 5.6907e-17
4400.625 5.7358e-17
4402.15 5.769e-17
4403.675 6.0258e-17
4405.2 6.1634e-17
4406.725 6.0775e-17
4408.25 5.6979e-17
4409.775 5.9736e-17
4411.3 6.8261e-17
4412.825 7.1511e-17
4414.35 5.9985e-17
4415.875 5.4676e-17
4417.4 5.2284e-17
4418.925 5.974e-17
4420.45 5.8475e-17
4421.975 6.0973e-17
4423.5 5.7255e-17
4425.025 5.9689e-17
4426.55 6.0042e-17
4428.075 5.2416e-17
4429.6 5.6391e-17
4431.125 6.5004e-17
4432.65 5.8154e-17
4434.175 5.5782e-17
4435.7 5.638e-17
4437.225 5.1962e-17
4438.75 5.6204e-17
4440.275 5.4468e-17
4441.8 5.5915e-17
4443.325 5.2348e-17
4444.85 5.6061e-17
4446.375 5.7602e-17
4447.9 6.2595e-17
4449.425 5.688e-17
4450.95 5.5926e-17
4452.475 5.9507e-17
4454.0 6.0709e-17
4455.525 5.6703e-17
4457.05 5.4425e-17
4458.575 5.2797e-17
4460.1 5.5388e-17
4461.625 6.1287e-17
4463.15 6.1663e-17
4464.675 5.4276e-17
4466.2 5.1061e-17
4467.725 6.2198e-17
4469.25 6.2668e-17
4470.775 5.4102e-17
4472.3 5.1235e-17
4473.825 5.2626e-17
4475.35 6.0495e-17
4476.875 5.3309e-17
4478.4 5.1347e-17
4479.925 5.6563e-17
4481.45 5.718e-17
4482.975 5.7708e-17
4484.5 5.451e-17
4486.025 5.9624e-17
4487.55 5.8441e-17
4489.075 5.8648e-17
4490.6 5.4114e-17
4492.125 5.0572e-17
4493.65 4.8609e-17
4495.175 5.3819e-17
4496.7 4.8333e-17
4498.225 5.5417e-17
4499.75 5.7458e-17
4501.275 5.3835e-17
4502.8 5.2197e-17
4504.325 5.3905e-17
4505.85 5.8523e-17
4507.375 6.3827e-17
4508.9 6.1944e-17
4510.425 6.1654e-17
4511.95 4.9552e-17
4513.475 4.6368e-17
4515.0 5.5338e-17
4516.525 5.8503e-17
4518.05 5.1559e-17
4519.575 4.8571e-17
4521.1 4.7311e-17
4522.625 5.7098e-17
4524.15 5.4633e-17
4525.675 5.0295e-17
4527.2 5.3023e-17
4528.725 5.597e-17
4530.25 5.2521e-17
4531.775 4.9613e-17
4533.3 5.2481e-17
4534.825 5.5722e-17
4536.35 5.0925e-17
4537.875 5.1926e-17
4539.4 5.6643e-17
4540.925 5.4432e-17
4542.45 5.3332e-17
4543.975 5.6573e-17
4545.5 4.7212e-17
4547.025 4.7467e-17
4548.55 5.5744e-17
4550.075 5.7033e-17
4551.6 5.5627e-17
4553.125 5.4595e-17
4554.65 5.3427e-17
4556.175 5.7846e-17
4557.7 5.5743e-17
4559.225 6.0828e-17
4560.75 4.9987e-17
4562.275 5.1209e-17
4563.8 5.4596e-17
4565.325 5.2653e-17
4566.85 5.1498e-17
4568.375 6.3388e-17
4569.9 5.3632e-17
4571.425 5.0084e-17
4572.95 4.5755e-17
4574.475 4.4121e-17
4576.0 4.8252e-17
4577.525 5.0254e-17
4579.05 5.5482e-17
4580.575 5.1046e-17
4582.1 4.9618e-17
4583.625 4.8933e-17
4585.15 5.0889e-17
4586.675 5.0318e-17
4588.2 4.9648e-17
4589.725 4.9817e-17
4591.25 5.53e-17
4592.775 5.0846e-17
4594.3 5.3233e-17
4595.825 5.0232e-17
4597.35 4.6794e-17
4598.875 4.9991e-17
4600.4 4.8644e-17
4601.925 5.4682e-17
4603.45 5.7573e-17
4604.975 5.4063e-17
4606.5 5.1906e-17
4608.025 5.8059e-17
4609.55 5.1286e-17
4611.075 4.9577e-17
4612.6 5.9287e-17
4614.125 5.1828e-17
4615.65 4.7436e-17
4617.175 4.5336e-17
4618.7 5.2868e-17
4620.225 5.6755e-17
4621.75 5.0099e-17
4623.275 4.62e-17
4624.8 4.6515e-17
4626.325 4.839e-17
4627.85 5.2824e-17
4629.375 5.4254e-17
4630.9 4.7027e-17
4632.425 5.452e-17
4633.95 5.465e-17
4635.475 5.0249e-17
4637.0 5.3537e-17
4638.525 4.8899e-17
4640.05 4.9828e-17
4641.575 4.7407e-17
4643.1 4.6789e-17
4644.625 4.4815e-17
4646.15 4.8697e-17
4647.675 5.5149e-17
4649.2 5.4581e-17
4650.725 4.621e-17
4652.25 4.8031e-17
4653.775 5.1454e-17
4655.3 5.1811e-17
4656.825 5.2163e-17
4658.35 5.2692e-17
4659.875 4.7443e-17
4661.4 5.427e-17
4662.925 5.007e-17
4664.45 4.7692e-17
4665.975 5.2029e-17
4667.5 5.3089e-17
4669.025 5.1737e-17
4670.55 4.6676e-17
4672.075 4.2574e-17
4673.6 4.7178e-17
4675.125 5.3779e-17
4676.65 4.843e-17
4678.175 4.5781e-17
4679.7 4.7092e-17
4681.225 4.9787e-17
4682.75 5.4462e-17
4684.275 5.5012e-17
4685.8 5.1766e-17
4687.325 4.6088e-17
4688.85 4.9603e-17
4690.375 4.9727e-17
4691.9 4.631e-17
4693.425 4.7964e-17
4694.95 5.3489e-17
4696.475 4.9667e-17
4698.0 4.9142e-17
4699.525 4.4677e-17
4701.05 4.1293e-17
4702.575 4.2582e-17
4704.1 4.514e-17
4705.625 5.0399e-17
4707.15 5.2571e-17
4708.675 5.4244e-17
4710.2 4.8876e-17
4711.725 4.2493e-17
4713.25 4.6369e-17
4714.775 4.5901e-17
4716.3 4.4142e-17
4717.825 5.4191e-17
4719.35 4.7285e-17
4720.875 4.2529e-17
4722.4 4.5604e-17
4723.925 4.745e-17
4725.45 4.5806e-17
4726.975 4.5805e-17
4728.5 4.8436e-17
4730.025 5.0157e-17
4731.55 5.2223e-17
4733.075 4.7982e-17
4734.6 5.2094e-17
4736.125 5.4574e-17
4737.65 5.8057e-17
4739.175 4.7854e-17
4740.7 5.0101e-17
4742.225 4.2706e-17
4743.75 4.8124e-17
4745.275 4.8037e-17
4746.8 4.4725e-17
4748.325 5.1223e-17
4749.85 4.9982e-17
4751.375 5.4879e-17
4752.9 4.8357e-17
4754.425 5.4466e-17
4755.95 4.9796e-17
4757.475 5.2449e-17
4759.0 4.7046e-17
4760.525 4.8316e-17
4762.05 4.7296e-17
4763.575 5.0405e-17
4765.1 5.1515e-17
4766.625 4.8401e-17
4768.15 5.2083e-17
4769.675 4.7822e-17
4771.2 4.2536e-17
4772.725 4.5148e-17
4774.25 4.7132e-17
4775.775 4.2749e-17
4777.3 4.9171e-17
4778.825 5.3117e-17
4780.35 4.1067e-17
4781.875 4.364e-17
4783.4 4.8411e-17
4784.925 5.1227e-17
4786.45 4.8188e-17
4787.975 4.7943e-17
4789.5 4.958e-17
4791.025 5.5027e-17
4792.55 5.337e-17
4794.075 4.8621e-17
4795.6 4.899e-17
4797.125 4.4894e-17
4798.65 5.1432e-17
4800.175 5.5018e-17
4801.7 5.5271e-17
4803.225 5.0542e-17
4804.75 4.4886e-17
4806.275 4.644e-17
4807.8 4.5675e-17
4809.325 4.2558e-17
4810.85 5.0889e-17
4812.375 5.4046e-17
4813.9 5.0882e-17
4815.425 5.3845e-17
4816.95 4.7603e-17
4818.475 4.9256e-17
4820.0 5.5048e-17
4821.525 5.1788e-17
4823.05 5.3834e-17
4824.575 5.1804e-17
4826.1 5.2779e-17
4827.625 4.846e-17
4829.15 4.8197e-17
4830.675 4.9217e-17
4832.2 4.6526e-17
4833.725 4.8033e-17
4835.25 5.5242e-17
4836.775 4.8844e-17
4838.3 5.531e-17
4839.825 5.3989e-17
4841.35 4.8846e-17
4842.875 5.6618e-17
4844.4 5.5241e-17
4845.925 5.153e-17
4847.45 5.5648e-17
4848.975 4.7503e-17
4850.5 4.3349e-17
4852.025 4.7532e-17
4853.55 4.9743e-17
4855.075 4.6102e-17
4856.6 4.6122e-17
4858.125 4.8177e-17
4859.65 4.8192e-17
4861.175 4.4353e-17
4862.7 4.8298e-17
4864.225 4.5861e-17
4865.75 4.6037e-17
4867.275 5.0392e-17
4868.8 5.2185e-17
4870.325 4.7847e-17
4871.85 4.6521e-17
4873.375 4.377e-17
4874.9 4.8597e-17
4876.425 4.7256e-17
4877.95 4.7223e-17
4879.475 4.254e-17
4881.0 4.8282e-17
4882.525 5.0439e-17
4884.05 4.7005e-17
4885.575 5.0061e-17
4887.1 4.505e-17
4888.625 4.9701e-17
4890.15 4.6083e-17
4891.675 4.9454e-17
4893.2 4.7953e-17
4894.725 4.6487e-17
4896.25 4.779e-17
4897.775 4.9504e-17
4899.3 4.1765e-17
4900.825 3.8734e-17
4902.35 4.2057e-17
4903.875 4.2696e-17
4905.4 4.7451e-17
4906.925 4.2516e-17
4908.45 4.2526e-17
4909.975 4.4985e-17
4911.5 4.8216e-17
4913.025 4.1557e-17
4914.55 4.4741e-17
4916.075 5.1418e-17
4917.6 4.3759e-17
4919.125 4.0666e-17
4920.65 5.0961e-17
4922.175 4.5126e-17
4923.7 4.0759e-17
4925.225 4.4711e-17
4926.75 4.0557e-17
4928.275 3.8274e-17
4929.8 4.7204e-17
4931.325 4.2344e-17
4932.85 4.719e-17
4934.375 3.9676e-17
4935.9 4.3321e-17
4937.425 4.5705e-17
4938.95 4.8822e-17
4940.475 5.0149e-17
4942.0 4.6479e-17
4943.525 4.9617e-17
4945.05 4.6776e-17
4946.575 4.5366e-17
4948.1 4.8192e-17
4949.625 4.6399e-17
4951.15 4.5263e-17
4952.675 4.611e-17
4954.2 5.2296e-17
4955.725 4.9729e-17
4957.25 4.8228e-17
4958.775 4.9666e-17
4960.3 4.8386e-17
4961.825 4.8098e-17
4963.35 4.958e-17
4964.875 4.8665e-17
4966.4 5.0625e-17
4967.925 4.9015e-17
4969.45 5.2333e-17
4970.975 4.8715e-17
4972.5 4.7641e-17
4974.025 5.1201e-17
4975.55 4.4427e-17
4977.075 3.9681e-17
4978.6 4.2463e-17
4980.125 5.2749e-17
4981.65 4.9764e-17
4983.175 4.4945e-17
4984.7 4.443e-17
4986.225 4.7531e-17
4987.75 5.3962e-17
4989.275 5.0862e-17
4990.8 5.2839e-17
4992.325 5.0872e-17
4993.85 4.1995e-17
4995.375 4.3727e-17
4996.9 4.9717e-17
4998.425 4.8169e-17
4999.95 4.2154e-17
5001.475 4.2334e-17
5003.0 4.2933e-17
5004.525 4.1781e-17
5006.05 4.9717e-17
5007.575 4.2945e-17
5009.1 4.9607e-17
5010.625 5.0064e-17
5012.15 4.7162e-17
5013.675 4.6825e-17
5015.2 5.1468e-17
5016.725 5.0328e-17
5018.25 5.1742e-17
5019.775 4.8086e-17
5021.3 4.8364e-17
5022.825 4.8156e-17
5024.35 5.3181e-17
5025.875 4.9046e-17
5027.4 5.0031e-17
5028.925 5.0471e-17
5030.45 5.1789e-17
5031.975 4.7334e-17
5033.5 4.4945e-17
5035.025 4.7812e-17
5036.55 4.8256e-17
5038.075 4.5557e-17
5039.6 4.4842e-17
5041.125 4.5217e-17
5042.65 4.6111e-17
5044.175 4.1842e-17
5045.7 4.5987e-17
5047.225 4.6251e-17
5048.75 4.8951e-17
5050.275 4.2812e-17
5051.8 4.279e-17
5053.325 4.1929e-17
5054.85 4.3186e-17
5056.375 4.3443e-17
5057.9 4.4227e-17
5059.425 4.427e-17
5060.95 4.5638e-17
5062.475 4.0228e-17
5064.0 4.2895e-17
5065.525 4.4307e-17
5067.05 4.3245e-17
5068.575 4.9303e-17
5070.1 4.1457e-17
5071.625 3.9914e-17
5073.15 4.3469e-17
5074.675 4.3061e-17
5076.2 4.1742e-17
5077.725 3.8056e-17
5079.25 4.5559e-17
5080.775 4.2806e-17
5082.3 3.9824e-17
5083.825 4.2213e-17
5085.35 4.7545e-17
5086.875 4.0371e-17
5088.4 4.1908e-17
5089.925 4.1127e-17
5091.45 4.4694e-17
5092.975 3.8804e-17
5094.5 4.5403e-17
5096.025 4.6874e-17
5097.55 4.5679e-17
5099.075 4.3828e-17
5100.6 4.8726e-17
5102.125 4.9083e-17
5103.65 4.2356e-17
5105.175 4.4369e-17
5106.7 4.4938e-17
5108.225 4.5347e-17
5109.75 4.8954e-17
5111.275 4.7033e-17
5112.8 4.7268e-17
5114.325 5.4243e-17
5115.85 4.7107e-17
5117.375 3.7996e-17
5118.9 4.7123e-17
5120.425 5.258e-17
5121.95 5.3288e-17
5123.475 5.1307e-17
5125.0 5.4763e-17
5126.525 5.1314e-17
5128.05 4.5816e-17
5129.575 4.5271e-17
5131.1 4.5437e-17
5132.625 4.9424e-17
5134.15 5.6049e-17
5135.675 4.8407e-17
5137.2 4.5037e-17
5138.725 5.0776e-17
5140.25 5.1697e-17
5141.775 4.1059e-17
5143.3 4.26e-17
5144.825 5.148e-17
5146.35 5.2603e-17
5147.875 5.0014e-17
5149.4 5.1681e-17
5150.925 4.8475e-17
5152.45 4.9049e-17
5153.975 4.91e-17
5155.5 5.0057e-17
5157.025 5.5792e-17
5158.55 5.436e-17
5160.075 5.5426e-17
5161.6 4.8375e-17
5163.125 5.1245e-17
5164.65 5.4367e-17
5166.175 5.5063e-17
5167.7 5.1619e-17
5169.225 4.9726e-17
5170.75 5.1955e-17
5172.275 5.3519e-17
5173.8 5.2608e-17
5175.325 4.9915e-17
5176.85 5.2613e-17
5178.375 5.4063e-17
5179.9 5.1915e-17
5181.425 4.9725e-17
5182.95 5.0061e-17
5184.475 5.5306e-17
5186.0 5.3195e-17
5187.525 5.064e-17
5189.05 4.9958e-17
5190.575 5.0075e-17
5192.1 4.4216e-17
5193.625 4.6711e-17
5195.15 4.4322e-17
5196.675 4.2985e-17
5198.2 4.8525e-17
5199.725 4.88e-17
5201.25 5.1957e-17
5202.775 4.7337e-17
5204.3 5.4932e-17
5205.825 4.9498e-17
5207.35 4.2759e-17
5208.875 4.6746e-17
5210.4 5.195e-17
5211.925 5.0943e-17
5213.45 5.0222e-17
5214.975 4.8552e-17
5216.5 4.3226e-17
5218.025 5.1275e-17
5219.55 5.4703e-17
5221.075 5.044e-17
5222.6 5.1723e-17
5224.125 5.2427e-17
5225.65 5.7752e-17
5227.175 4.4022e-17
5228.7 4.436e-17
5230.225 4.9871e-17
5231.75 5.3371e-17
5233.275 4.9397e-17
5234.8 4.1448e-17
5236.325 3.9525e-17
5237.85 4.5839e-17
5239.375 4.652e-17
5240.9 4.8382e-17
5242.425 4.1756e-17
5243.95 4.1286e-17
5245.475 3.9922e-17
5247.0 3.8955e-17
5248.525 4.4948e-17
5250.05 4.3812e-17
5251.575 4.3821e-17
5253.1 4.1862e-17
5254.625 4.2898e-17
5256.15 4.4805e-17
5257.675 4.0405e-17
5259.2 4.0467e-17
5260.725 4.0191e-17
5262.25 3.7387e-17
5263.775 4.0614e-17
5265.3 3.7188e-17
5266.825 3.964e-17
5268.35 3.9883e-17
5269.875 4.3525e-17
5271.4 4.1022e-17
5272.925 4.2278e-17
5274.45 4.211e-17
5275.975 4.5262e-17
5277.5 4.49e-17
5279.025 3.6349e-17
5280.55 4.2625e-17
5282.075 4.5092e-17
5283.6 4.5658e-17
5285.125 4.4506e-17
5286.65 3.8378e-17
5288.175 3.6088e-17
5289.7 4.3045e-17
5291.225 4.0036e-17
5292.75 4.3272e-17
5294.275 3.763e-17
5295.8 4.6896e-17
5297.325 4.4801e-17
5298.85 4.0899e-17
5300.375 4.0888e-17
5301.9 3.8007e-17
5303.425 3.8811e-17
5304.95 4.6465e-17
5306.475 4.35e-17
5308.0 4.3031e-17
5309.525 3.824e-17
5311.05 3.5734e-17
5312.575 3.8505e-17
5314.1 4.5438e-17
5315.625 4.6813e-17
5317.15 4.1512e-17
5318.675 4.154e-17
5320.2 4.4502e-17
5321.725 4.4702e-17
5323.25 4.9744e-17
5324.775 4.2034e-17
5326.3 3.7343e-17
5327.825 3.9491e-17
5329.35 4.862e-17
5330.875 5.1306e-17
5332.4 4.8299e-17
5333.925 4.0463e-17
5335.45 4.784e-17
5336.975 4.4766e-17
5338.5 4.263e-17
5340.025 4.3002e-17
5341.55 3.985e-17
5343.075 4.3554e-17
5344.6 4.7688e-17
5346.125 5.2791e-17
5347.65 4.65e-17
5349.175 4.6103e-17
5350.7 4.8425e-17
5352.225 4.9762e-17
5353.75 4.7967e-17
5355.275 4.3591e-17
5356.8 4.916e-17
5358.325 4.9546e-17
5359.85 4.4227e-17
5361.375 5.0766e-17
5362.9 4.6079e-17
5364.425 5.1047e-17
5365.95 4.9121e-17
5367.475 4.9491e-17
5369.0 4.4827e-17
5370.525 4.1522e-17
5372.05 4.6372e-17
5373.575 4.8918e-17
5375.1 4.5067e-17
5376.625 4.5587e-17
5378.15 5.1232e-17
5379.675 4.9361e-17
5381.2 4.6789e-17
5382.725 4.4174e-17
5384.25 4.7431e-17
5385.775 4.384e-17
5387.3 3.8674e-17
5388.825 4.6615e-17
5390.35 4.8216e-17
5391.875 3.7572e-17
5393.4 3.8437e-17
5394.925 4.8342e-17
5396.45 4.3349e-17
5397.975 4.1648e-17
5399.5 4.5106e-17
5401.025 4.3925e-17
5402.55 4.6564e-17
5404.075 5.2723e-17
5405.6 4.8679e-17
5407.125 4.5749e-17
5408.65 3.6648e-17
5410.175 3.5308e-17
5411.7 4.3642e-17
5413.225 4.613e-17
5414.75 4.5573e-17
5416.275 4.6626e-17
5417.8 4.3581e-17
5419.325 5.2524e-17
5420.85 4.5916e-17
5422.375 3.9122e-17
5423.9 4.0247e-17
5425.425 3.9407e-17
5426.95 4.1967e-17
5428.475 4.3691e-17
5430.0 4.3498e-17
5431.525 4.5622e-17
5433.05 4.8808e-17
5434.575 5.5214e-17
5436.1 5.6815e-17
5437.625 4.0612e-17
5439.15 4.2978e-17
5440.675 3.9015e-17
5442.2 5.0654e-17
5443.725 5.8104e-17
5445.25 4.8069e-17
5446.775 4.0575e-17
5448.3 4.5611e-17
5449.825 4.6255e-17
5451.35 3.8483e-17
5452.875 5.0455e-17
5454.4 4.8079e-17
5455.925 3.971e-17
5457.45 5.2682e-17
5458.975 6.1089e-17
5460.5 5.7785e-17
5462.025 4.1498e-17
5463.55 3.1192e-17
5465.075 3.3373e-17
5466.6 3.0721e-17
5468.125 4.2272e-17
5469.65 4.4144e-17
5471.175 4.4973e-17
5472.7 4.3815e-17
5474.225 4.6416e-17
5475.75 4.4386e-17
5477.275 3.7692e-17
5478.8 3.7824e-17
5480.325 4.359e-17
5481.85 4.1076e-17
5483.375 4.6155e-17
5484.9 4.2477e-17
5486.425 4.0694e-17
5487.95 4.2107e-17
5489.475 4.4831e-17
5491.0 5.077e-17
5492.525 3.9619e-17
5494.05 3.3176e-17
5495.575 3.475e-17
5497.1 3.7736e-17
5498.625 4.2694e-17
5500.15 4.3074e-17
5501.675 4.1748e-17
5503.2 3.5625e-17
5504.725 3.3796e-17
5506.25 3.7493e-17
5507.775 4.5595e-17
5509.3 4.1959e-17
5510.825 3.3596e-17
5512.35 3.3305e-17
5513.875 3.8196e-17
5515.4 3.8553e-17
5516.925 4.4401e-17
5518.45 4.4869e-17
5519.975 3.0863e-17
5521.5 3.5315e-17
5523.025 3.8451e-17
5524.55 4.4942e-17
5526.075 4.6842e-17
5527.6 4.4838e-17
5529.125 3.9295e-17
5530.65 4.2801e-17
5532.175 4.2256e-17
5533.7 3.7861e-17
5535.225 3.6795e-17
5536.75 3.6012e-17
5538.275 3.69e-17
5539.8 3.519e-17
5541.325 3.7043e-17
5542.85 3.4248e-17
5544.375 3.6993e-17
5545.9 3.9633e-17
5547.425 3.8783e-17
5548.95 3.5607e-17
5550.475 3.7584e-17
5552.0 3.6359e-17
5553.525 3.6961e-17
5555.05 3.6818e-17
5556.575 3.5408e-17
5558.1 3.6419e-17
5559.625 3.9793e-17
5561.15 3.5877e-17
5562.675 3.5889e-17
5564.2 3.9324e-17
5565.725 4.3727e-17
5567.25 3.9366e-17
5568.775 3.8411e-17
5570.3 3.8313e-17
5571.825 3.4023e-17
5573.35 4.5754e-17
5574.875 4.585e-17
5576.4 5.3345e-17
5577.925 6.9628e-17
5579.45 4.2097e-17
5580.975 3.3936e-17
5582.5 2.7122e-17
5584.025 4.3065e-17
5585.55 4.2866e-17
5587.075 3.7494e-17
5588.6 3.9828e-17
5590.125 3.7722e-17
5591.65 4.5201e-17
5593.175 4.739e-17
5594.7 4.2862e-17
5596.225 4.0679e-17
5597.75 3.4712e-17
5599.275 3.9651e-17
5600.8 4.4784e-17
5602.325 4.3197e-17
5603.85 4.3979e-17
5605.375 4.2503e-17
5606.9 4.1103e-17
5608.425 4.2986e-17
5609.95 4.4376e-17
5611.475 4.1197e-17
5613.0 4.0627e-17
5614.525 4.2285e-17
5616.05 4.6023e-17
5617.575 4.6265e-17
5619.1 4.5544e-17
5620.625 4.1312e-17
5622.15 4.3088e-17
5623.675 4.3394e-17
5625.2 4.4774e-17
5626.725 4.6926e-17
5628.25 5.1539e-17
5629.775 4.714e-17
5631.3 4.1839e-17
5632.825 4.2845e-17
5634.35 4.2412e-17
5635.875 4.7387e-17
5637.4 5.1228e-17
5638.925 5.0052e-17
5640.45 4.5151e-17
5641.975 4.0366e-17
5643.5 4.286e-17
5645.025 4.5617e-17
5646.55 4.2645e-17
5648.075 4.34e-17
5649.6 4.9506e-17
5651.125 4.58e-17
5652.65 4.2179e-17
5654.175 4.0341e-17
5655.7 4.2773e-17
5657.225 4.5944e-17
5658.75 4.6403e-17
5660.275 4.4025e-17
5661.8 3.8532e-17
5663.325 3.5997e-17
5664.85 4.1178e-17
5666.375 4.8544e-17
5667.9 4.8433e-17
5669.425 4.2513e-17
5670.95 4.0426e-17
5672.475 3.8737e-17
5674.0 4.5412e-17
5675.525 4.9969e-17
5677.05 4.0504e-17
5678.575 3.8268e-17
5680.1 4.6088e-17
5681.625 4.352e-17
5683.15 4.2771e-17
5684.675 5.2392e-17
5686.2 4.9601e-17
5687.725 4.5171e-17
5689.25 4.2166e-17
5690.775 4.1949e-17
5692.3 4.363e-17
5693.825 4.5547e-17
5695.35 4.8864e-17
5696.875 5.2624e-17
5698.4 5.1295e-17
5699.925 4.7544e-17
5701.45 4.5858e-17
5702.975 4.5072e-17
5704.5 4.41e-17
5706.025 4.4023e-17
5707.55 4.6212e-17
5709.075 4.593e-17
5710.6 4.3686e-17
5712.125 4.3855e-17
5713.65 4.4378e-17
5715.175 4.3706e-17
5716.7 4.5156e-17
5718.225 4.6987e-17
5719.75 4.7752e-17
5721.275 4.9298e-17
5722.8 4.6972e-17
5724.325 4.3063e-17
5725.85 4.6874e-17
5727.375 5.0303e-17
5728.9 4.522e-17
5730.425 4.2272e-17
5731.95 4.2979e-17
5733.475 4.3575e-17
5735.0 4.3448e-17
5736.525 4.2014e-17
5738.05 4.2651e-17
5739.575 4.2106e-17
5741.1 3.9401e-17
5742.625 3.9695e-17
5744.15 3.8433e-17
5745.675 3.7733e-17
5747.2 3.9135e-17
5748.725 3.9385e-17
5750.25 3.9812e-17
5751.775 4.2876e-17
5753.3 4.4647e-17
5754.825 4.2552e-17
5756.35 4.0221e-17
5757.875 3.8879e-17
5759.4 4.0547e-17
5760.925 3.858e-17
5762.45 3.539e-17
5763.975 4.1188e-17
5765.5 4.7578e-17
5767.025 4.2661e-17
5768.55 3.8947e-17
5770.075 4.1068e-17
5771.6 4.1753e-17
5773.125 4.2109e-17
5774.65 3.9185e-17
5776.175 3.3795e-17
5777.7 3.3811e-17
5779.225 3.6142e-17
5780.75 3.4141e-17
5782.275 3.3203e-17
5783.8 3.5863e-17
5785.325 3.7637e-17
5786.85 4.0621e-17
5788.375 4.0806e-17
5789.9 4.171e-17
5791.425 4.2827e-17
5792.95 3.698e-17
5794.475 3.2267e-17
5796.0 3.0092e-17
5797.525 3.2845e-17
5799.05 3.7198e-17
5800.575 3.511e-17
5802.1 3.3311e-17
5803.625 3.3265e-17
5805.15 3.3355e-17
5806.675 3.4378e-17
5808.2 3.0973e-17
5809.725 2.9886e-17
5811.25 3.5678e-17
5812.775 3.8075e-17
5814.3 3.2539e-17
5815.825 3.6496e-17
5817.35 4.1265e-17
5818.875 3.5589e-17
5820.4 3.3661e-17
5821.925 3.7183e-17
5823.45 3.6747e-17
5824.975 3.7305e-17
5826.5 3.7105e-17
5828.025 3.404e-17
5829.55 3.3382e-17
5831.075 3.5958e-17
5832.6 3.6584e-17
5834.125 3.2743e-17
5835.65 3.1871e-17
5837.175 3.7042e-17
5838.7 4.001e-17
5840.225 3.7949e-17
5841.75 3.6634e-17
5843.275 3.8135e-17
5844.8 3.9602e-17
5846.325 3.9546e-17
5847.85 3.7608e-17
5849.375 3.5319e-17
5850.9 3.3164e-17
5852.425 3.3221e-17
5853.95 3.755e-17
5855.475 4.0529e-17
5857.0 3.6691e-17
5858.525 3.6544e-17
5860.05 3.2807e-17
5861.575 3.2389e-17
5863.1 3.7287e-17
5864.625 4.3929e-17
5866.15 4.3668e-17
5867.675 4.2253e-17
5869.2 4.0527e-17
5870.725 3.4287e-17
5872.25 3.6142e-17
5873.775 4.2632e-17
5875.3 4.5476e-17
5876.825 4.1445e-17
5878.35 3.7352e-17
5879.875 3.5578e-17
5881.4 3.5755e-17
5882.925 3.8264e-17
5884.45 4.498e-17
5885.975 4.5703e-17
5887.5 4.2901e-17
5889.025 4.0832e-17
5890.55 4.5177e-17
5892.075 3.9261e-17
5893.6 3.6204e-17
5895.125 4.4114e-17
5896.65 4.2999e-17
5898.175 3.0585e-17
5899.7 2.9153e-17
5901.225 3.6943e-17
5902.75 3.911e-17
5904.275 4.1249e-17
5905.8 4.075e-17
5907.325 3.6344e-17
5908.85 3.8669e-17
5910.375 4.2042e-17
5911.9 4.0132e-17
5913.425 3.9169e-17
5914.95 4.1389e-17
5916.475 4.3976e-17
5918.0 4.2308e-17
5919.525 3.6792e-17
5921.05 3.6959e-17
5922.575 3.8383e-17
5924.1 4.0433e-17
5925.625 3.9618e-17
5927.15 4.0584e-17
5928.675 4.086e-17
5930.2 4.0801e-17
5931.725 3.838e-17
5933.25 3.5593e-17
5934.775 3.9833e-17
5936.3 4.3832e-17
5937.825 3.893e-17
5939.35 3.7488e-17
5940.875 4.1606e-17
5942.4 3.8827e-17
5943.925 3.7677e-17
5945.45 3.888e-17
5946.975 3.8196e-17
5948.5 3.9026e-17
5950.025 3.6527e-17
5951.55 3.4776e-17
5953.075 3.6725e-17
5954.6 3.8989e-17
5956.125 4.0228e-17
5957.65 3.8091e-17
5959.175 3.5968e-17
5960.7 3.624e-17
5962.225 3.8461e-17
5963.75 3.8396e-17
5965.275 3.6659e-17
5966.8 3.6131e-17
5968.325 4.1274e-17
5969.85 4.1474e-17
5971.375 3.5056e-17
5972.9 3.0546e-17
5974.425 3.3204e-17
5975.95 3.5757e-17
5977.475 3.5205e-17
5979.0 3.4808e-17
5980.525 3.4051e-17
5982.05 3.4691e-17
5983.575 3.575e-17
5985.1 3.8474e-17
5986.625 3.5752e-17
5988.15 3.5735e-17
5989.675 3.6329e-17
5991.2 3.6075e-17
5992.725 3.421e-17
5994.25 3.3237e-17
5995.775 3.2246e-17
5997.3 3.0747e-17
5998.825 3.4783e-17
6000.35 3.3135e-17
6001.875 3.4065e-17
6003.4 4.0854e-17
6004.925 4.1312e-17
6006.45 3.8358e-17
6007.975 3.6786e-17
6009.5 3.558e-17
6011.025 3.4107e-17
6012.55 3.2762e-17
6014.075 3.6458e-17
6015.6 3.7456e-17
6017.125 3.3238e-17
6018.65 3.3943e-17
6020.175 3.4793e-17
6021.7 3.2328e-17
6023.225 3.6607e-17
6024.75 4.0007e-17
6026.275 3.2448e-17
6027.8 2.9199e-17
6029.325 3.402e-17
6030.85 3.74e-17
6032.375 3.5287e-17
6033.9 3.4221e-17
6035.425 3.6043e-17
6036.95 3.5124e-17
6038.475 3.6713e-17
6040.0 3.8729e-17
6041.525 3.8006e-17
6043.05 3.4582e-17
6044.575 3.4483e-17
6046.1 3.6248e-17
6047.625 3.6258e-17
6049.15 3.6965e-17
6050.675 3.5346e-17
6052.2 2.9883e-17
6053.725 3.1272e-17
6055.25 3.3884e-17
6056.775 3.1723e-17
6058.3 3.4145e-17
6059.825 3.5292e-17
6061.35 3.428e-17
6062.875 3.2545e-17
6064.4 3.2718e-17
6065.925 3.3512e-17
6067.45 3.2253e-17
6068.975 3.2759e-17
6070.5 3.2446e-17
6072.025 3.0497e-17
6073.55 2.9332e-17
6075.075 3.0383e-17
6076.6 3.2821e-17
6078.125 3.2707e-17
6079.65 3.2089e-17
6081.175 3.0989e-17
6082.7 3.172e-17
6084.225 3.231e-17
6085.75 3.3295e-17
6087.275 3.1401e-17
6088.8 2.8758e-17
6090.325 3.074e-17
6091.85 3.0439e-17
6093.375 3.0073e-17
6094.9 3.0807e-17
6096.425 3.102e-17
6097.95 3.1413e-17
6099.475 3.3643e-17
6101.0 3.0225e-17
6102.525 2.7621e-17
6104.05 3.0157e-17
6105.575 2.9306e-17
6107.1 2.4788e-17
6108.625 2.577e-17
6110.15 3.0316e-17
6111.675 2.8609e-17
6113.2 2.6902e-17
6114.725 2.7854e-17
6116.25 2.973e-17
6117.775 3.0336e-17
6119.3 2.8175e-17
6120.825 2.856e-17
6122.35 3.031e-17
6123.875 3.3158e-17
6125.4 2.9618e-17
6126.925 2.4905e-17
6128.45 2.7789e-17
6129.975 2.8833e-17
6131.5 2.7256e-17
6133.025 2.5367e-17
6134.55 2.614e-17
6136.075 2.3778e-17
6137.6 2.3179e-17
6139.125 2.6008e-17
6140.65 2.6887e-17
6142.175 2.7211e-17
6143.7 3.0739e-17
6145.225 3.0952e-17
6146.75 2.9399e-17
6148.275 2.637e-17
6149.8 2.7912e-17
6151.325 2.657e-17
6152.85 2.3349e-17
6154.375 2.4561e-17
6155.9 2.4742e-17
6157.425 2.3364e-17
6158.95 2.6244e-17
6160.475 2.9671e-17
6162.0 3.0868e-17
6163.525 3.0128e-17
6165.05 2.6424e-17
6166.575 2.6034e-17
6168.1 3.1607e-17
6169.625 3.3994e-17
6171.15 3.0992e-17
6172.675 2.829e-17
6174.2 2.7259e-17
6175.725 2.4951e-17
6177.25 2.6359e-17
6178.775 2.9203e-17
6180.3 2.8425e-17
6181.825 2.6775e-17
6183.35 2.5697e-17
6184.875 2.9204e-17
6186.4 2.8971e-17
6187.925 2.9231e-17
6189.45 2.7423e-17
6190.975 2.8491e-17
6192.5 3.1488e-17
6194.025 2.5702e-17
6195.55 2.4541e-17
6197.075 2.9603e-17
6198.6 3.0788e-17
6200.125 2.8249e-17
6201.65 2.7141e-17
6203.175 2.9001e-17
6204.7 2.7921e-17
6206.225 2.666e-17
6207.75 2.6743e-17
6209.275 2.7154e-17
6210.8 2.8735e-17
6212.325 2.9592e-17
6213.85 2.715e-17
6215.375 2.6905e-17
6216.9 2.8606e-17
6218.425 2.754e-17
6219.95 2.5502e-17
6221.475 2.7267e-17
6223.0 2.7961e-17
6224.525 2.6514e-17
6226.05 2.6591e-17
6227.575 2.6776e-17
6229.1 2.7016e-17
6230.625 2.5917e-17
6232.15 2.3384e-17
6233.675 2.6722e-17
6235.2 2.9552e-17
6236.725 2.8375e-17
6238.25 2.7396e-17
6239.775 2.6031e-17
6241.3 2.4252e-17
6242.825 2.3623e-17
6244.35 2.7234e-17
6245.875 3.1386e-17
6247.4 3.1801e-17
6248.925 2.7966e-17
6250.45 2.4828e-17
6251.975 2.7582e-17
6253.5 2.8408e-17
6255.025 2.8691e-17
6256.55 3.0173e-17
6258.075 3.0399e-17
6259.6 2.9567e-17
6261.125 2.6468e-17
6262.65 2.3779e-17
6264.175 2.4986e-17
6265.7 2.7059e-17
6267.225 2.4534e-17
6268.75 2.3135e-17
6270.275 2.6205e-17
6271.8 2.5649e-17
6273.325 2.7495e-17
6274.85 3.0323e-17
6276.375 3.2006e-17
6277.9 2.9938e-17
6279.425 2.6029e-17
6280.95 2.8963e-17
6282.475 3.0756e-17
6284.0 2.8719e-17
6285.525 3.083e-17
6287.05 3.293e-17
6288.575 3.1232e-17
6290.1 3.1286e-17
6291.625 3.3569e-17
6293.15 3.0987e-17
6294.675 2.8088e-17
6296.2 2.9717e-17
6297.725 2.8546e-17
6299.25 2.4882e-17
6300.775 2.3591e-17
6302.3 2.9063e-17
6303.825 3.1565e-17
6305.35 2.976e-17
6306.875 3.1232e-17
6308.4 2.8859e-17
6309.925 2.6237e-17
6311.45 2.7929e-17
6312.975 3.114e-17
6314.5 3.1996e-17
6316.025 2.9175e-17
6317.55 2.8619e-17
6319.075 3.1882e-17
6320.6 2.9896e-17
6322.125 2.742e-17
6323.65 3.1012e-17
6325.175 3.1556e-17
6326.7 2.9378e-17
6328.225 3.0519e-17
6329.75 3.1747e-17
6331.275 3.2946e-17
6332.8 3.5919e-17
6334.325 3.3596e-17
6335.85 3.0994e-17
6337.375 3.052e-17
6338.9 2.892e-17
6340.425 3.2377e-17
6341.95 3.6237e-17
6343.475 3.4451e-17
6345.0 3.4721e-17
6346.525 3.6518e-17
6348.05 3.3477e-17
6349.575 3.2267e-17
6351.1 3.3927e-17
6352.625 3.5436e-17
6354.15 3.7481e-17
6355.675 3.7318e-17
6357.2 3.3472e-17
6358.725 3.1581e-17
6360.25 3.3727e-17
6361.775 3.2264e-17
6363.3 3.0971e-17
6364.825 3.3535e-17
6366.35 3.5773e-17
6367.875 3.4059e-17
6369.4 3.0156e-17
6370.925 3.1528e-17
6372.45 3.3009e-17
6373.975 2.9655e-17
6375.5 2.9328e-17
6377.025 3.2318e-17
6378.55 3.3209e-17
6380.075 3.326e-17
6381.6 3.0963e-17
6383.125 3.1795e-17
6384.65 3.6976e-17
6386.175 3.8907e-17
6387.7 3.7551e-17
6389.225 3.3662e-17
6390.75 3.1254e-17
6392.275 3.2846e-17
6393.8 3.4946e-17
6395.325 3.5043e-17
6396.85 3.4629e-17
6398.375 3.3146e-17
6399.9 3.3096e-17
6401.425 3.4705e-17
6402.95 3.3104e-17
6404.475 3.0003e-17
6406.0 3.0438e-17
6407.525 3.4508e-17
6409.05 3.3069e-17
6410.575 3.1852e-17
6412.1 3.6087e-17
6413.625 3.4943e-17
6415.15 3.1353e-17
6416.675 3.2905e-17
6418.2 3.2113e-17
6419.725 3.2008e-17
6421.25 3.509e-17
6422.775 3.3763e-17
6424.3 2.9156e-17
6425.825 2.687e-17
6427.35 2.7398e-17
6428.875 2.5415e-17
6430.4 2.6684e-17
6431.925 3.0895e-17
6433.45 3.0729e-17
6434.975 2.9077e-17
6436.5 2.7979e-17
6438.025 2.7609e-17
6439.55 2.7841e-17
6441.075 2.9196e-17
6442.6 2.8616e-17
6444.125 3.0487e-17
6445.65 3.3662e-17
6447.175 3.1605e-17
6448.7 2.8714e-17
6450.225 2.8209e-17
6451.75 2.7472e-17
6453.275 2.9749e-17
6454.8 3.0249e-17
6456.325 3.0396e-17
6457.85 2.9579e-17
6459.375 2.9309e-17
6460.9 2.9483e-17
6462.425 2.9543e-17
6463.95 2.9383e-17
6465.475 3.0653e-17
6467.0 3.0946e-17
6468.525 2.8856e-17
6470.05 2.9634e-17
6471.575 3.2108e-17
6473.1 3.0294e-17
6474.625 2.9708e-17
6476.15 3.126e-17
6477.675 3.1486e-17
6479.2 2.9894e-17
6480.725 3.0772e-17
6482.25 3.176e-17
6483.775 2.8812e-17
6485.3 2.9976e-17
6486.825 3.3804e-17
6488.35 3.1981e-17
6489.875 2.9977e-17
6491.4 3.0882e-17
6492.925 3.1784e-17
6494.45 3.1717e-17
6495.975 3.4467e-17
6497.5 3.5292e-17
6499.025 3.6024e-17
6500.55 3.4936e-17
6502.075 3.1381e-17
6503.6 3.1771e-17
6505.125 3.3438e-17
6506.65 3.2518e-17
6508.175 3.1806e-17
6509.7 3.0941e-17
6511.225 3.167e-17
6512.75 3.3634e-17
6514.275 3.2813e-17
6515.8 3.0832e-17
6517.325 3.2736e-17
6518.85 3.4798e-17
6520.375 3.144e-17
6521.9 3.0076e-17
6523.425 3.1201e-17
6524.95 2.8045e-17
6526.475 3.3572e-17
6528.0 3.4969e-17
6529.525 3.4127e-17
6531.05 3.3513e-17
6532.575 3.0842e-17
6534.1 2.8974e-17
6535.625 2.6625e-17
6537.15 3.1039e-17
6538.675 3.4916e-17
6540.2 3.2943e-17
6541.725 3.2239e-17
6543.25 3.1167e-17
6544.775 3.111e-17
6546.3 2.8797e-17
6547.825 2.7997e-17
6549.35 3.3009e-17
6550.875 3.594e-17
6552.4 3.3596e-17
6553.925 3.3041e-17
6555.45 3.1961e-17
6556.975 3.0718e-17
6558.5 3.2931e-17
6560.025 3.2894e-17
6561.55 3.2155e-17
6563.075 3.4348e-17
6564.6 3.432e-17
6566.125 3.0845e-17
6567.65 2.9999e-17
6569.175 3.188e-17
6570.7 3.1131e-17
6572.225 3.17e-17
6573.75 3.1328e-17
6575.275 2.9841e-17
6576.8 3.0543e-17
6578.325 3.4301e-17
6579.85 3.3585e-17
6581.375 3.2037e-17
6582.9 3.1526e-17
6584.425 3.1217e-17
6585.95 2.7384e-17
6587.475 2.59e-17
6589.0 2.6313e-17
6590.525 2.8142e-17
6592.05 3.074e-17
6593.575 3.1826e-17
6595.1 2.8723e-17
6596.625 2.7455e-17
6598.15 2.8344e-17
6599.675 2.7924e-17
6601.2 2.6934e-17
6602.725 3.1192e-17
6604.25 3.144e-17
6605.775 2.9927e-17
6607.3 2.8469e-17
6608.825 2.7526e-17
6610.35 2.9023e-17
6611.875 2.867e-17
6613.4 2.912e-17
6614.925 2.8998e-17
6616.45 2.8648e-17
6617.975 2.8643e-17
6619.5 2.9528e-17
6621.025 2.928e-17
6622.55 2.9929e-17
6624.075 3.0885e-17
6625.6 3.0254e-17
6627.125 3.012e-17
6628.65 3.0845e-17
6630.175 3.1115e-17
6631.7 3.0332e-17
6633.225 2.7923e-17
6634.75 2.9989e-17
6636.275 2.9327e-17
6637.8 2.5926e-17
6639.325 2.8136e-17
6640.85 3.0982e-17
6642.375 3.0796e-17
6643.9 3.1711e-17
6645.425 3.1352e-17
6646.95 3.2987e-17
6648.475 3.3124e-17
6650.0 3.0494e-17
6651.525 3.0631e-17
6653.05 3.092e-17
6654.575 2.9872e-17
6656.1 2.9317e-17
6657.625 2.9202e-17
6659.15 2.7708e-17
6660.675 2.7937e-17
6662.2 3.0326e-17
6663.725 3.1629e-17
6665.25 3.1871e-17
6666.775 3.3958e-17
6668.3 3.4473e-17
6669.825 3.1245e-17
6671.35 3.2323e-17
6672.875 3.1761e-17
6674.4 3.1788e-17
6675.925 3.1822e-17
6677.45 3.0887e-17
6678.975 3.2126e-17
6680.5 2.9943e-17
6682.025 2.6745e-17
6683.55 3.0389e-17
6685.075 3.2396e-17
6686.6 3.0092e-17
6688.125 3.1589e-17
6689.65 3.5163e-17
6691.175 3.3285e-17
6692.7 3.0345e-17
6694.225 3.1469e-17
6695.75 3.3501e-17
6697.275 3.3987e-17
6698.8 3.4613e-17
6700.325 3.526e-17
6701.85 3.2125e-17
6703.375 2.9423e-17
6704.9 2.9061e-17
6706.425 2.9184e-17
6707.95 3.2242e-17
6709.475 3.2429e-17
6711.0 3.1778e-17
6712.525 3.2672e-17
6714.05 2.9735e-17
6715.575 3.0124e-17
6717.1 3.2821e-17
6718.625 3.2035e-17
6720.15 3.0002e-17
6721.675 3.0481e-17
6723.2 3.265e-17
6724.725 3.1246e-17
6726.25 2.9891e-17
6727.775 3.071e-17
6729.3 3.1377e-17
6730.825 3.1128e-17
6732.35 2.8372e-17
6733.875 2.8728e-17
6735.4 3.0864e-17
6736.925 2.9078e-17
6738.45 2.758e-17
6739.975 2.7962e-17
6741.5 2.8928e-17
6743.025 3.2204e-17
6744.55 3.2086e-17
6746.075 2.9873e-17
6747.6 2.9297e-17
6749.125 2.9704e-17
6750.65 3.083e-17
6752.175 3.0573e-17
6753.7 2.7098e-17
6755.225 2.7088e-17
6756.75 2.7752e-17
6758.275 2.7347e-17
6759.8 2.7869e-17
6761.325 2.6943e-17
6762.85 2.5401e-17
6764.375 2.4652e-17
6765.9 2.615e-17
6767.425 2.6219e-17
6768.95 2.6907e-17
6770.475 2.826e-17
6772.0 2.6503e-17
6773.525 2.7049e-17
6775.05 2.7311e-17
6776.575 2.7177e-17
6778.1 2.7276e-17
6779.625 2.717e-17
6781.15 2.6963e-17
6782.675 2.7215e-17
6784.2 2.665e-17
6785.725 2.5969e-17
6787.25 2.5567e-17
6788.775 2.7303e-17
6790.3 2.7689e-17
6791.825 2.6401e-17
6793.35 2.3908e-17
6794.875 2.5937e-17
6796.4 2.8113e-17
6797.925 2.8898e-17
6799.45 2.9441e-17
6800.975 2.8436e-17
6802.5 2.8019e-17
6804.025 2.8427e-17
6805.55 2.7006e-17
6807.075 2.5496e-17
6808.6 2.6184e-17
6810.125 2.6652e-17
6811.65 2.7104e-17
6813.175 2.6704e-17
6814.7 2.7015e-17
6816.225 2.4538e-17
6817.75 2.5703e-17
6819.275 2.675e-17
6820.8 2.6238e-17
6822.325 2.373e-17
6823.85 2.4849e-17
6825.375 2.8693e-17
6826.9 2.8485e-17
6828.425 2.577e-17
6829.95 2.8007e-17
6831.475 2.8162e-17
6833.0 2.3826e-17
6834.525 2.2483e-17
6836.05 2.5735e-17
6837.575 2.6421e-17
6839.1 2.5014e-17
6840.625 2.3275e-17
6842.15 2.351e-17
6843.675 2.5757e-17
6845.2 2.6958e-17
6846.725 2.9182e-17
6848.25 2.6989e-17
6849.775 2.373e-17
6851.3 2.4707e-17
6852.825 2.3657e-17
6854.35 2.2906e-17
6855.875 2.2723e-17
6857.4 2.2655e-17
6858.925 2.3959e-17
6860.45 2.5975e-17
6861.975 2.6571e-17
6863.5 2.4374e-17
6865.025 2.3564e-17
6866.55 2.0463e-17
6868.075 1.9267e-17
6869.6 2.1561e-17
6871.125 2.4371e-17
6872.65 2.4498e-17
6874.175 2.4208e-17
6875.7 2.4016e-17
6877.225 2.2978e-17
6878.75 2.2549e-17
6880.275 2.4279e-17
6881.8 2.5996e-17
6883.325 2.5318e-17
6884.85 2.5073e-17
6886.375 2.7154e-17
6887.9 2.6527e-17
6889.425 2.4808e-17
6890.95 2.2388e-17
6892.475 2.2824e-17
6894.0 2.387e-17
6895.525 2.344e-17
6897.05 2.4804e-17
6898.575 2.5852e-17
6900.1 2.5456e-17
6901.625 2.4621e-17
6903.15 2.4456e-17
6904.675 2.4692e-17
6906.2 2.308e-17
6907.725 2.1038e-17
6909.25 2.2999e-17
6910.775 2.5499e-17
6912.3 2.6347e-17
6913.825 2.6729e-17
6915.35 2.5034e-17
6916.875 2.0755e-17
6918.4 2.274e-17
6919.925 2.6036e-17
6921.45 2.4056e-17
6922.975 2.3772e-17
6924.5 2.3104e-17
6926.025 2.2173e-17
6927.55 2.4088e-17
6929.075 2.4522e-17
6930.6 2.337e-17
6932.125 2.2707e-17
6933.65 2.3493e-17
6935.175 2.4546e-17
6936.7 2.379e-17
6938.225 2.4578e-17
6939.75 2.6748e-17
6941.275 2.7211e-17
6942.8 2.49e-17
6944.325 2.3233e-17
6945.85 2.7069e-17
6947.375 2.7434e-17
6948.9 2.4588e-17
6950.425 2.4403e-17
6951.95 2.1681e-17
6953.475 1.9831e-17
6955.0 2.0838e-17
6956.525 2.3e-17
6958.05 2.5453e-17
6959.575 2.5965e-17
6961.1 2.3667e-17
6962.625 2.2808e-17
6964.15 2.4919e-17
6965.675 2.7734e-17
6967.2 2.8487e-17
6968.725 2.7866e-17
6970.25 2.5562e-17
6971.775 2.2025e-17
6973.3 2.2755e-17
6974.825 2.4037e-17
6976.35 2.2141e-17
6977.875 2.0786e-17
6979.4 2.1153e-17
6980.925 2.3605e-17
6982.45 2.6843e-17
6983.975 2.5079e-17
6985.5 2.4699e-17
6987.025 2.7507e-17
6988.55 2.7434e-17
6990.075 2.6825e-17
6991.6 2.8796e-17
6993.125 2.6359e-17
6994.65 2.2671e-17
6996.175 2.2695e-17
6997.7 2.167e-17
6999.225 2.3023e-17
7000.75 2.6835e-17
7002.275 2.5012e-17
7003.8 2.4318e-17
7005.325 2.4067e-17
7006.85 2.2176e-17
7008.375 1.9944e-17
7009.9 2.2568e-17
7011.425 2.4155e-17
7012.95 2.4222e-17
7014.475 2.6345e-17
7016.0 2.668e-17
7017.525 2.6178e-17
7019.05 2.5149e-17
7020.575 2.4889e-17
7022.1 2.5983e-17
7023.625 2.3712e-17
7025.15 2.3637e-17
7026.675 2.2075e-17
7028.2 2.2761e-17
7029.725 2.3967e-17
7031.25 2.4627e-17
7032.775 2.6002e-17
7034.3 2.7048e-17
7035.825 2.536e-17
7037.35 2.3582e-17
7038.875 2.1796e-17
7040.4 2.2872e-17
7041.925 2.2154e-17
7043.45 2.2408e-17
7044.975 2.3533e-17
7046.5 2.3898e-17
7048.025 2.4743e-17
7049.55 2.2802e-17
7051.075 2.2301e-17
7052.6 2.356e-17
7054.125 2.5014e-17
7055.65 2.6057e-17
7057.175 2.5183e-17
7058.7 2.5585e-17
7060.225 2.6272e-17
7061.75 2.4764e-17
7063.275 2.4938e-17
7064.8 2.4246e-17
7066.325 2.2e-17
7067.85 2.3494e-17
7069.375 2.5034e-17
7070.9 2.3578e-17
7072.425 2.2619e-17
7073.95 2.2722e-17
7075.475 2.6682e-17
7077.0 2.6797e-17
7078.525 2.098e-17
7080.05 2.2275e-17
7081.575 2.5006e-17
7083.1 2.1891e-17
7084.625 2.0941e-17
7086.15 2.3379e-17
7087.675 2.5275e-17
7089.2 2.4176e-17
7090.725 2.4748e-17
7092.25 2.5601e-17
7093.775 2.4676e-17
7095.3 2.4402e-17
7096.825 2.3811e-17
7098.35 2.4584e-17
7099.875 2.601e-17
7101.4 2.4959e-17
7102.925 2.1513e-17
7104.45 2.0699e-17
7105.975 2.1495e-17
7107.5 2.13e-17
7109.025 2.3738e-17
7110.55 2.4872e-17
7112.075 2.4447e-17
7113.6 2.4592e-17
7115.125 2.3106e-17
7116.65 2.2859e-17
7118.175 2.3796e-17
7119.7 2.3609e-17
7121.225 2.3646e-17
7122.75 2.4699e-17
7124.275 2.5231e-17
7125.8 2.5875e-17
7127.325 2.363e-17
7128.85 2.2254e-17
7130.375 2.4263e-17
7131.9 2.5509e-17
7133.425 2.3319e-17
7134.95 2.0528e-17
7136.475 2.1015e-17
7138.0 2.1644e-17
7139.525 2.1687e-17
7141.05 2.4185e-17
7142.575 2.5891e-17
7144.1 2.4097e-17
7145.625 2.1975e-17
7147.15 2.0949e-17
7148.675 2.1559e-17
7150.2 2.2576e-17
7151.725 2.3586e-17
7153.25 2.4029e-17
7154.775 2.3202e-17
7156.3 2.3549e-17
7157.825 2.3509e-17
7159.35 2.2743e-17
7160.875 2.2575e-17
7162.4 2.2172e-17
7163.925 2.1785e-17
7165.45 2.0693e-17
7166.975 1.9761e-17
7168.5 1.9966e-17
7170.025 2.129e-17
7171.55 2.295e-17
7173.075 2.2e-17
7174.6 2.1721e-17
7176.125 2.3752e-17
7177.65 2.1594e-17
7179.175 1.9327e-17
7180.7 2.1486e-17
7182.225 2.2565e-17
7183.75 2.1839e-17
7185.275 2.3179e-17
7186.8 2.297e-17
7188.325 2.1835e-17
7189.85 1.9351e-17
7191.375 2.0879e-17
7192.9 2.4294e-17
7194.425 2.9236e-17
7195.95 3.124e-17
7197.475 2.7909e-17
7199.0 2.3838e-17
7200.525 2.3068e-17
7202.05 2.1703e-17
7203.575 2.0615e-17
7205.1 2.1465e-17
7206.625 2.2015e-17
7208.15 2.358e-17
7209.675 2.3242e-17
7211.2 2.1023e-17
7212.725 2.1041e-17
7214.25 2.2049e-17
7215.775 2.263e-17
7217.3 2.1199e-17
7218.825 2.1031e-17
7220.35 2.0594e-17
7221.875 2.072e-17
7223.4 2.0517e-17
7224.925 1.9101e-17
7226.45 2.0089e-17
7227.975 2.028e-17
7229.5 2.0377e-17
7231.025 2.2259e-17
7232.55 2.469e-17
7234.075 2.6107e-17
7235.6 2.8195e-17
7237.125 2.5017e-17
7238.65 1.9662e-17
7240.175 2.6581e-17
7241.7 2.7418e-17
7243.225 2.3074e-17
7244.75 2.1791e-17
7246.275 2.0932e-17
7247.8 2.0461e-17
7249.325 1.7278e-17
7250.85 1.8761e-17
7252.375 2.0608e-17
7253.9 2.1797e-17
7255.425 2.1372e-17
7256.95 2.2531e-17
7258.475 2.3434e-17
7260.0 2.2575e-17
7261.525 2.0975e-17
7263.05 2.1679e-17
7264.575 2.3313e-17
7266.1 1.9281e-17
7267.625 1.7942e-17
7269.15 1.9106e-17
7270.675 2.061e-17
7272.2 2.4274e-17
7273.725 2.545e-17
7275.25 2.5721e-17
7276.775 2.3237e-17
7278.3 2.3017e-17
7279.825 2.4906e-17
7281.35 2.6068e-17
7282.875 2.412e-17
7284.4 2.1499e-17
7285.925 1.908e-17
7287.45 1.8785e-17
7288.975 2.2381e-17
7290.5 2.4699e-17
7292.025 2.3528e-17
7293.55 2.4818e-17
7295.075 2.549e-17
7296.6 2.2836e-17
7298.125 2.0438e-17
7299.65 2.2212e-17
7301.175 2.548e-17
7302.7 2.74e-17
7304.225 2.5994e-17
7305.75 2.2894e-17
7307.275 2.2102e-17
7308.8 2.2342e-17
7310.325 2.2096e-17
7311.85 2.3098e-17
7313.375 2.4619e-17
7314.9 2.5238e-17
7316.425 2.7499e-17
7317.95 2.7506e-17
7319.475 2.3931e-17
7321.0 2.1109e-17
7322.525 2.0626e-17
7324.05 2.3064e-17
7325.575 2.5703e-17
7327.1 2.4969e-17
7328.625 2.3064e-17
7330.15 2.3228e-17
7331.675 2.2559e-17
7333.2 2.2487e-17
7334.725 2.1374e-17
7336.25 2.3235e-17
7337.775 2.6571e-17
7339.3 2.4582e-17
7340.825 2.4285e-17
7342.35 2.3926e-17
7343.875 1.9706e-17
7345.4 2.037e-17
7346.925 2.2933e-17
7348.45 2.6919e-17
7349.975 2.7282e-17
7351.5 2.3222e-17
7353.025 2.3539e-17
7354.55 2.4775e-17
7356.075 2.533e-17
7357.6 2.4203e-17
7359.125 2.2165e-17
7360.65 1.9831e-17
7362.175 2.0952e-17
7363.7 2.3164e-17
7365.225 2.333e-17
7366.75 2.3518e-17
7368.275 2.5666e-17
7369.8 2.7932e-17
7371.325 2.3566e-17
7372.85 2.373e-17
7374.375 2.3501e-17
7375.9 2.2565e-17
7377.425 2.4921e-17
7378.95 2.6511e-17
7380.475 2.6078e-17
7382.0 2.2073e-17
7383.525 2.1062e-17
7385.05 2.294e-17
7386.575 2.2897e-17
7388.1 2.2592e-17
7389.625 2.4287e-17
7391.15 2.5034e-17
7392.675 2.3727e-17
7394.2 2.5526e-17
7395.725 2.4946e-17
7397.25 2.4244e-17
7398.775 2.7207e-17
7400.3 2.9664e-17
7401.825 2.8757e-17
7403.35 2.8641e-17
7404.875 2.5214e-17
7406.4 2.3736e-17
7407.925 2.3707e-17
7409.45 2.3804e-17
7410.975 2.4168e-17
7412.5 2.2718e-17
7414.025 2.0374e-17
7415.55 2.2598e-17
7417.075 2.3966e-17
7418.6 2.214e-17
7420.125 2.172e-17
7421.65 2.3461e-17
7423.175 2.3967e-17
7424.7 2.2309e-17
7426.225 2.2802e-17
7427.75 2.4702e-17
7429.275 2.4963e-17
7430.8 2.5681e-17
7432.325 2.4889e-17
7433.85 2.3117e-17
7435.375 2.418e-17
7436.9 2.6397e-17
7438.425 2.579e-17
7439.95 2.2494e-17
7441.475 2.044e-17
7443.0 2.0419e-17
7444.525 2.0707e-17
7446.05 2.0209e-17
7447.575 2.0772e-17
7449.1 2.2612e-17
7450.625 2.3706e-17
7452.15 2.2837e-17
7453.675 2.2696e-17
7455.2 2.3204e-17
7456.725 2.2065e-17
7458.25 2.1259e-17
7459.775 2.2375e-17
7461.3 2.1885e-17
7462.825 1.9685e-17
7464.35 1.864e-17
7465.875 1.9897e-17
7467.4 2.2622e-17
7468.925 2.4419e-17
7470.45 2.5394e-17
7471.975 2.4572e-17
7473.5 2.4861e-17
7475.025 2.6396e-17
7476.55 2.3718e-17
7478.075 2.0898e-17
7479.6 1.9958e-17
7481.125 1.8606e-17
7482.65 1.9973e-17
7484.175 2.1279e-17
7485.7 1.9618e-17
7487.225 2.1344e-17
7488.75 2.4783e-17
7490.275 2.5263e-17
7491.8 2.4792e-17
7493.325 2.3017e-17
7494.85 2.018e-17
7496.375 1.9136e-17
7497.9 2.2629e-17
7499.425 2.4806e-17
7500.95 2.4897e-17
7502.475 2.4024e-17
7504.0 2.4277e-17
7505.525 2.229e-17
7507.05 2.0746e-17
7508.575 2.1689e-17
7510.1 2.2738e-17
7511.625 2.1839e-17
7513.15 2.1759e-17
7514.675 2.2615e-17
7516.2 2.3114e-17
7517.725 2.3736e-17
7519.25 2.33e-17
7520.775 2.2776e-17
7522.3 2.3423e-17
7523.825 2.2952e-17
7525.35 2.3351e-17
7526.875 2.3186e-17
7528.4 2.2208e-17
7529.925 2.3727e-17
7531.45 2.2733e-17
7532.975 2.2851e-17
7534.5 2.3746e-17
7536.025 2.2566e-17
7537.55 2.035e-17
7539.075 2.0291e-17
7540.6 1.9904e-17
7542.125 1.9159e-17
7543.65 2.0451e-17
7545.175 2.235e-17
7546.7 2.1318e-17
7548.225 2.0842e-17
7549.75 2.1147e-17
7551.275 2.3058e-17
7552.8 2.3585e-17
7554.325 2.4908e-17
7555.85 2.2771e-17
7557.375 2.3221e-17
7558.9 2.511e-17
7560.425 2.4435e-17
7561.95 2.3679e-17
7563.475 2.2753e-17
7565.0 2.1001e-17
7566.525 2.3132e-17
7568.05 2.6626e-17
7569.575 2.4937e-17
7571.1 2.4038e-17
7572.625 2.4457e-17
7574.15 2.1836e-17
7575.675 1.8799e-17
7577.2 2.0601e-17
7578.725 2.1333e-17
7580.25 2.2927e-17
7581.775 2.5289e-17
7583.3 2.3977e-17
7584.825 2.2132e-17
7586.35 2.0339e-17
7587.875 2.0327e-17
7589.4 2.2165e-17
7590.925 2.1267e-17
7592.45 1.8525e-17
7593.975 1.6601e-17
7595.5 1.7151e-17
7597.025 1.5333e-17
7598.55 1.1127e-17
7600.075 1.4742e-17
7601.6 1.7568e-17
7603.125 1.665e-17
7604.65 1.6538e-17
7606.175 1.5528e-17
7607.7 2.2794e-17
7609.225 2.5563e-17
7610.75 2.048e-17
7612.275 2.2359e-17
7613.8 2.4886e-17
7615.325 2.3044e-17
7616.85 2.4845e-17
7618.375 2.355e-17
7619.9 1.6657e-17
7621.425 1.6004e-17
7622.95 1.7676e-17
7624.475 1.8579e-17
7626.0 2.1002e-17
7627.525 2.0665e-17
7629.05 2.1319e-17
7630.575 2.1934e-17
7632.1 2.1232e-17
7633.625 2.166e-17
7635.15 2.0561e-17
7636.675 1.973e-17
7638.2 2.0002e-17
7639.725 2.0742e-17
7641.25 2.2147e-17
7642.775 2.1453e-17
7644.3 2.3108e-17
7645.825 2.3264e-17
7647.35 1.9587e-17
7648.875 1.9598e-17
7650.4 2.0536e-17
7651.925 1.7488e-17
7653.45 1.7743e-17
7654.975 2.1893e-17
7656.5 2.0588e-17
7658.025 1.9439e-17
7659.55 2.2481e-17
7661.075 2.2003e-17
7662.6 2.0323e-17
7664.125 1.8653e-17
7665.65 1.8185e-17
7667.175 2.0777e-17
7668.7 1.9354e-17
7670.225 1.9261e-17
7671.75 2.1741e-17
7673.275 2.1154e-17
7674.8 1.9629e-17
7676.325 1.975e-17
7677.85 1.9932e-17
7679.375 1.9917e-17
7680.9 1.8624e-17
7682.425 1.8135e-17
7683.95 1.9651e-17
7685.475 2.151e-17
7687.0 1.9567e-17
7688.525 1.8994e-17
7690.05 1.9458e-17
7691.575 1.8231e-17
7693.1 1.93e-17
7694.625 2.1885e-17
7696.15 2.0927e-17
7697.675 1.9926e-17
7699.2 1.9866e-17
7700.725 2.0343e-17
7702.25 2.2337e-17
7703.775 2.0653e-17
7705.3 1.901e-17
7706.825 1.9661e-17
7708.35 2.0557e-17
7709.875 2.3344e-17
7711.4 2.5662e-17
7712.925 2.5649e-17
7714.45 2.2179e-17
7715.975 2.2527e-17
7717.5 2.4086e-17
7719.025 1.964e-17
7720.55 1.6323e-17
7722.075 1.6996e-17
7723.6 1.8346e-17
7725.125 1.887e-17
7726.65 1.9748e-17
7728.175 1.8849e-17
7729.7 1.5975e-17
7731.225 1.6929e-17
7732.75 1.9686e-17
7734.275 1.9182e-17
7735.8 1.9157e-17
7737.325 2.0724e-17
7738.85 2.2258e-17
7740.375 2.2372e-17
7741.9 1.9453e-17
7743.425 1.915e-17
7744.95 2.3194e-17
7746.475 2.5735e-17
7748.0 2.3147e-17
7749.525 2.2676e-17
7751.05 2.258e-17
7752.575 2.0532e-17
7754.1 1.78e-17
7755.625 1.5218e-17
7757.15 1.6796e-17
7758.675 1.685e-17
7760.2 1.6813e-17
7761.725 1.5384e-17
7763.25 1.361e-17
7764.775 1.715e-17
7766.3 1.8282e-17
7767.825 1.8604e-17
7769.35 2.0367e-17
7770.875 2.0364e-17
7772.4 2.1372e-17
7773.925 2.387e-17
7775.45 2.5073e-17
7776.975 2.2856e-17
7778.5 1.662e-17
7780.025 1.716e-17
7781.55 1.8756e-17
7783.075 1.7936e-17
7784.6 1.7545e-17
7786.125 1.8497e-17
7787.65 2.0747e-17
7789.175 2.443e-17
7790.7 2.3957e-17
7792.225 2.0913e-17
7793.75 2.2173e-17
7795.275 2.397e-17
7796.8 2.0551e-17
7798.325 1.8484e-17
7799.85 1.858e-17
7801.375 1.4635e-17
7802.9 1.7624e-17
7804.425 2.0432e-17
7805.95 2.0162e-17
7807.475 1.4165e-17
7809.0 1.4016e-17
7810.525 1.388e-17
7812.05 1.595e-17
7813.575 1.5933e-17
7815.1 1.8837e-17
7816.625 2.2732e-17
7818.15 2.1519e-17
7819.675 1.7668e-17
7821.2 1.9049e-17
7822.725 1.7967e-17
7824.25 1.4707e-17
7825.775 1.4683e-17
7827.3 1.6653e-17
7828.825 1.7929e-17
7830.35 1.8215e-17
7831.875 1.749e-17
7833.4 1.7965e-17
7834.925 2.1931e-17
7836.45 2.336e-17
7837.975 2.1668e-17
7839.5 2.0523e-17
7841.025 1.9398e-17
7842.55 1.74e-17
7844.075 1.76e-17
7845.6 1.8237e-17
7847.125 1.97e-17
7848.65 2.0859e-17
7850.175 2.4356e-17
7851.7 2.619e-17
7853.225 2.5497e-17
7854.75 2.1676e-17
7856.275 2.1851e-17
7857.8 2.4443e-17
7859.325 2.3304e-17
7860.85 1.9859e-17
7862.375 1.8127e-17
7863.9 1.9375e-17
7865.425 1.8455e-17
7866.95 1.7717e-17
7868.475 2.0599e-17
7870.0 2.0117e-17
7871.525 1.7268e-17
7873.05 1.6621e-17
7874.575 1.9428e-17
7876.1 1.8961e-17
7877.625 1.5811e-17
7879.15 1.5333e-17
7880.675 1.5893e-17
7882.2 1.8258e-17
7883.725 1.9746e-17
7885.25 2.1612e-17
7886.775 2.1747e-17
7888.3 2.129e-17
7889.825 2.3242e-17
7891.35 2.1556e-17
7892.875 1.6815e-17
7894.4 1.4148e-17
7895.925 1.6797e-17
7897.45 1.8482e-17
7898.975 1.672e-17
7900.5 1.6518e-17
7902.025 1.8514e-17
7903.55 1.8764e-17
7905.075 1.7042e-17
7906.6 1.8733e-17
7908.125 2.2575e-17
7909.65 2.4021e-17
7911.175 2.5008e-17
7912.7 2.6571e-17
7914.225 1.957e-17
7915.75 1.6888e-17
7917.275 1.3885e-17
7918.8 1.6304e-17
7920.325 1.9955e-17
7921.85 2.2617e-17
7923.375 2.1502e-17
7924.9 1.6336e-17
7926.425 1.5385e-17
7927.95 1.4255e-17
7929.475 1.8075e-17
7931.0 2.2543e-17
7932.525 2.0283e-17
7934.05 1.9104e-17
7935.575 1.9308e-17
7937.1 1.7638e-17
7938.625 1.7981e-17
7940.15 1.939e-17
7941.675 1.814e-17
7943.2 1.8897e-17
7944.725 1.9533e-17
7946.25 1.4061e-17
7947.775 1.5667e-17
7949.3 1.8096e-17
7950.825 1.6057e-17
7952.35 1.5592e-17
7953.875 1.6796e-17
7955.4 1.6897e-17
7956.925 1.5491e-17
7958.45 1.6334e-17
7959.975 1.8195e-17
7961.5 1.5297e-17
7963.025 1.6534e-17
7964.55 2.1142e-17
7966.075 2.049e-17
7967.6 1.5057e-17
7969.125 1.5692e-17
7970.65 1.7051e-17
7972.175 1.6098e-17
7973.7 1.2904e-17
7975.225 1.2135e-17
7976.75 1.8465e-17
7978.275 1.9298e-17
7979.8 1.9251e-17
7981.325 1.5672e-17
7982.85 1.5534e-17
7984.375 1.6206e-17
7985.9 1.5255e-17
7987.425 1.4516e-17
7988.95 1.3501e-17
7990.475 1.5074e-17
7992.0 1.501e-17
7993.525 1.4453e-17
7995.05 9.7836e-18
7996.575 1.0919e-17
7998.1 1.6154e-17
7999.625 1.6666e-17
8001.15 1.5683e-17
8002.675 1.4645e-17
8004.2 1.3774e-17
8005.725 1.4187e-17
8007.25 1.5061e-17
8008.775 1.6565e-17
8010.3 1.6789e-17
8011.825 1.522e-17
8013.35 1.5124e-17
8014.875 1.6941e-17
8016.4 1.6499e-17
8017.925 1.4944e-17
8019.45 1.4796e-17
8020.975 1.8212e-17
8022.5 1.9673e-17
8024.025 1.7117e-17
8025.55 1.782e-17
8027.075 1.9233e-17
8028.6 1.8867e-17
8030.125 1.5716e-17
8031.65 1.4819e-17
8033.175 1.4239e-17
8034.7 1.4388e-17
8036.225 1.6307e-17
8037.75 1.7045e-17
8039.275 1.665e-17
8040.8 1.6883e-17
8042.325 1.6403e-17
8043.85 1.3953e-17
8045.375 1.2419e-17
8046.9 1.5537e-17
8048.425 1.6821e-17
8049.95 1.5977e-17
8051.475 1.6155e-17
8053.0 1.5172e-17
8054.525 1.1467e-17
8056.05 1.374e-17
8057.575 1.6603e-17
8059.1 1.6212e-17
8060.625 1.4826e-17
8062.15 1.5291e-17
8063.675 1.2751e-17
8065.2 1.052e-17
8066.725 1.132e-17
8068.25 1.3977e-17
8069.775 1.5585e-17
8071.3 1.5699e-17
8072.825 1.6228e-17
8074.35 1.8749e-17
8075.875 1.9364e-17
8077.4 1.6563e-17
8078.925 1.5315e-17
8080.45 1.6485e-17
8081.975 1.6713e-17
8083.5 1.3235e-17
8085.025 1.3066e-17
8086.55 1.3327e-17
8088.075 1.2944e-17
8089.6 1.4917e-17
8091.125 1.7856e-17
8092.65 1.8239e-17
8094.175 1.5445e-17
8095.7 1.3212e-17
8097.225 1.3784e-17
8098.75 1.5058e-17
8100.275 1.4856e-17
8101.8 1.2813e-17
8103.325 1.22e-17
8104.85 1.0945e-17
8106.375 1.1814e-17
8107.9 1.2342e-17
8109.425 1.3204e-17
8110.95 1.3845e-17
8112.475 1.5041e-17
8114.0 1.3943e-17
8115.525 1.3818e-17
8117.05 1.3578e-17
8118.575 1.3572e-17
8120.1 1.4244e-17
8121.625 1.4884e-17
8123.15 1.1765e-17
8124.675 9.5502e-18
8126.2 1.2037e-17
8127.725 1.2844e-17
8129.25 1.286e-17
8130.775 1.4812e-17
8132.3 1.6416e-17
8133.825 1.6342e-17
8135.35 1.6309e-17
8136.875 1.5754e-17
8138.4 1.464e-17
8139.925 1.5134e-17
8141.45 1.416e-17
8142.975 1.2523e-17
8144.5 1.3648e-17
8146.025 1.5216e-17
8147.55 1.6514e-17
8149.075 1.5779e-17
8150.6 1.463e-17
8152.125 1.5121e-17
8153.65 1.5014e-17
8155.175 1.5707e-17
8156.7 1.6924e-17
8158.225 1.7976e-17
8159.75 1.6946e-17
8161.275 1.5638e-17
8162.8 1.497e-17
8164.325 1.5447e-17
8165.85 1.5123e-17
8167.375 1.4333e-17
8168.9 1.4575e-17
8170.425 1.6665e-17
8171.95 1.9153e-17
8173.475 1.6401e-17
8175.0 1.4743e-17
8176.525 1.743e-17
8178.05 1.6416e-17
8179.575 1.4593e-17
8181.1 1.4242e-17
8182.625 1.409e-17
8184.15 1.5991e-17
8185.675 1.8451e-17
8187.2 1.6898e-17
8188.725 1.6322e-17
8190.25 1.6823e-17
8191.775 1.69e-17
8193.3 1.5346e-17
8194.825 1.4531e-17
8196.35 1.4079e-17
8197.875 1.5265e-17
8199.4 1.8223e-17
8200.925 1.7964e-17
8202.45 1.5608e-17
8203.975 1.5637e-17
8205.5 1.6621e-17
8207.025 1.6517e-17
8208.55 1.6173e-17
8210.075 1.4906e-17
8211.6 1.5344e-17
8213.125 1.7595e-17
8214.65 1.6997e-17
8216.175 1.6873e-17
8217.7 1.6408e-17
8219.225 1.4928e-17
8220.75 1.4857e-17
8222.275 1.4857e-17
8223.8 1.336e-17
8225.325 1.5364e-17
8226.85 1.618e-17
8228.375 1.5255e-17
8229.9 1.7254e-17
8231.425 1.8089e-17
8232.95 1.5371e-17
8234.475 1.4884e-17
8236.0 1.5232e-17
8237.525 1.6312e-17
8239.05 1.8756e-17
8240.575 1.8259e-17
8242.1 1.5023e-17
8243.625 1.641e-17
8245.15 1.6853e-17
8246.675 1.4987e-17
8248.2 1.4837e-17
8249.725 1.5281e-17
8251.25 1.3437e-17
8252.775 1.2563e-17
8254.3 1.4647e-17
8255.825 1.5887e-17
8257.35 1.4905e-17
8258.875 1.4107e-17
8260.4 1.4608e-17
8261.925 1.5227e-17
8263.45 1.6897e-17
8264.975 1.8025e-17
8266.5 1.9027e-17
8268.025 1.8804e-17
8269.55 1.5277e-17
8271.075 1.4606e-17
8272.6 1.6968e-17
8274.125 1.8212e-17
8275.65 1.4957e-17
8277.175 1.3e-17
8278.7 1.709e-17
8280.225 1.5956e-17
8281.75 1.146e-17
8283.275 1.446e-17
8284.8 1.8913e-17
8286.325 1.245e-17
8287.85 1.1492e-17
8289.375 1.3191e-17
8290.9 1.1665e-17
8292.425 1.0441e-17
8293.95 1.3607e-17
8295.475 1.9487e-17
8297.0 2.1955e-17
8298.525 2.0256e-17
8300.05 1.4377e-17
8301.575 1.3514e-17
8303.1 1.2893e-17
8304.625 1.2857e-17
8306.15 1.6723e-17
8307.675 1.8046e-17
8309.2 1.6283e-17
8310.725 1.3203e-17
8312.25 1.4075e-17
8313.775 1.4171e-17
8315.3 1.509e-17
8316.825 1.4094e-17
8318.35 1.3865e-17
8319.875 1.5674e-17
8321.4 1.5924e-17
8322.925 1.3708e-17
8324.45 1.512e-17
8325.975 1.5882e-17
8327.5 1.3395e-17
8329.025 1.2625e-17
8330.55 1.3939e-17
8332.075 1.5518e-17
8333.6 1.4591e-17
8335.125 1.3209e-17
8336.65 1.3252e-17
8338.175 1.2887e-17
8339.7 1.4758e-17
8341.225 2.2928e-17
8342.75 2.8162e-17
8344.275 2.2705e-17
8345.8 1.4821e-17
8347.325 8.3775e-18
8348.85 1.0629e-17
8350.375 1.5736e-17
8351.9 1.5081e-17
8353.425 1.2562e-17
8354.95 1.231e-17
8356.475 1.1939e-17
8358.0 1.3752e-17
8359.525 1.7305e-17
8361.05 1.5926e-17
8362.575 1.29e-17
8364.1 1.5841e-17
8365.625 1.6655e-17
8367.15 1.284e-17
8368.675 1.3181e-17
8370.2 1.6637e-17
8371.725 1.6932e-17
8373.25 1.5275e-17
8374.775 1.4467e-17
8376.3 1.4443e-17
8377.825 1.6323e-17
8379.35 1.8464e-17
8380.875 1.8671e-17
8382.4 1.6884e-17
8383.925 1.4761e-17
8385.45 1.4206e-17
8386.975 1.4146e-17
8388.5 1.4717e-17
8390.025 1.4656e-17
8391.55 1.222e-17
8393.075 1.0398e-17
8394.6 1.6114e-17
8396.125 2.151e-17
8397.65 1.8222e-17
8399.175 2.0683e-17
8400.7 2.153e-17
8402.225 1.3139e-17
8403.75 1.3208e-17
8405.275 1.6577e-17
8406.8 1.7949e-17
8408.325 1.828e-17
8409.85 1.8313e-17
8411.375 1.8785e-17
8412.9 1.803e-17
8414.425 1.5923e-17
8415.95 1.5221e-17
8417.475 1.6773e-17
8419.0 1.2439e-17
8420.525 1.0588e-17
8422.05 1.4037e-17
8423.575 1.6962e-17
8425.1 1.8184e-17
8426.625 2.4583e-17
8428.15 2.3148e-17
8429.675 2.0485e-17
8431.2 1.7041e-17
8432.725 1.1539e-17
8434.25 1.257e-17
8435.775 1.2008e-17
8437.3 1.4378e-17
8438.825 1.6295e-17
8440.35 1.6499e-17
8441.875 1.5694e-17
8443.4 1.3996e-17
8444.925 1.4568e-17
8446.45 1.4324e-17
8447.975 1.4464e-17
8449.5 1.4612e-17
8451.025 1.661e-17
8452.55 2.0598e-17
8454.075 1.776e-17
8455.6 1.419e-17
8457.125 1.1205e-17
8458.65 1.1804e-17
8460.175 1.4794e-17
8461.7 1.5458e-17
8463.225 1.4284e-17
8464.75 1.46e-17
8466.275 1.6747e-17
8467.8 1.6434e-17
8469.325 1.2709e-17
8470.85 1.2941e-17
8472.375 1.4618e-17
8473.9 1.3317e-17
8475.425 1.4597e-17
8476.95 1.537e-17
8478.475 1.4101e-17
8480.0 1.414e-17
8481.525 1.5213e-17
8483.05 1.4997e-17
8484.575 1.6214e-17
8486.1 1.7602e-17
8487.625 1.8227e-17
8489.15 1.7591e-17
8490.675 1.3152e-17
8492.2 1.2458e-17
8493.725 1.786e-17
8495.25 1.8281e-17
8496.775 1.4897e-17
8498.3 1.4323e-17
8499.825 1.4639e-17
8501.35 1.5295e-17
8502.875 1.6654e-17
8504.4 2.0171e-17
8505.925 2.0013e-17
8507.45 1.4723e-17
8508.975 1.4598e-17
8510.5 1.4682e-17
8512.025 1.3194e-17
8513.55 1.3318e-17
8515.075 1.4225e-17
8516.6 1.4506e-17
8518.125 1.3803e-17
8519.65 1.1908e-17
8521.175 1.1893e-17
8522.7 1.4148e-17
8524.225 1.4993e-17
8525.75 1.452e-17
8527.275 1.4586e-17
8528.8 1.3963e-17
8530.325 1.2479e-17
8531.85 1.4076e-17
8533.375 1.4014e-17
8534.9 9.8098e-18
8536.425 8.3365e-18
8537.95 1.1578e-17
8539.475 1.2663e-17
8541.0 1.1896e-17
8542.525 1.247e-17
8544.05 1.5669e-17
8545.575 1.7632e-17
8547.1 1.6414e-17
8548.625 1.4358e-17
8550.15 1.3318e-17
8551.675 1.0599e-17
8553.2 1.1195e-17
8554.725 1.2489e-17
8556.25 1.3138e-17
8557.775 1.3191e-17
8559.3 1.2681e-17
8560.825 1.302e-17
8562.35 1.2577e-17
8563.875 1.2748e-17
8565.4 1.2573e-17
8566.925 1.4394e-17
8568.45 1.4304e-17
8569.975 1.1899e-17
8571.5 1.1629e-17
8573.025 1.1003e-17
8574.55 1.0583e-17
8576.075 1.247e-17
8577.6 1.4067e-17
8579.125 1.3948e-17
8580.65 1.2679e-17
8582.175 1.2816e-17
8583.7 1.2235e-17
8585.225 1.2173e-17
8586.75 1.3933e-17
8588.275 1.2635e-17
8589.8 1.1917e-17
8591.325 1.2971e-17
8592.85 1.4114e-17
8594.375 1.6834e-17
8595.9 1.6002e-17
8597.425 1.2347e-17
8598.95 1.1794e-17
8600.475 1.2614e-17
8602.0 1.3073e-17
8603.525 1.3028e-17
8605.05 1.3239e-17
8606.575 1.1972e-17
8608.1 1.0864e-17
8609.625 1.2002e-17
8611.15 1.2646e-17
8612.675 1.2126e-17
8614.2 1.2985e-17
8615.725 1.3633e-17
8617.25 1.3782e-17
8618.775 1.628e-17
8620.3 1.5793e-17
8621.825 1.438e-17
8623.35 1.3814e-17
8624.875 1.0996e-17
8626.4 1.095e-17
8627.925 9.9748e-18
8629.45 9.2659e-18
8630.975 1.5049e-17
8632.5 1.7057e-17
8634.025 1.5188e-17
8635.55 1.5898e-17
8637.075 1.3058e-17
8638.6 9.9046e-18
8640.125 1.212e-17
8641.65 1.3499e-17
8643.175 1.2074e-17
8644.7 1.5869e-17
8646.225 1.6832e-17
8647.75 1.3933e-17
8649.275 1.4785e-17
8650.8 1.7955e-17
8652.325 1.9378e-17
8653.85 1.3276e-17
8655.375 1.3542e-17
8656.9 1.723e-17
8658.425 1.4823e-17
8659.95 1.2606e-17
8661.475 1.1837e-17
8663.0 9.862e-18
8664.525 1.1337e-17
8666.05 1.3186e-17
8667.575 1.4722e-17
8669.1 1.5506e-17
8670.625 1.2377e-17
8672.15 1.2201e-17
8673.675 1.3965e-17
8675.2 1.495e-17
8676.725 1.3236e-17
8678.25 1.292e-17
8679.775 1.2947e-17
8681.3 1.2893e-17
8682.825 1.3314e-17
8684.35 1.3283e-17
8685.875 1.1286e-17
8687.4 1.2827e-17
8688.925 1.1652e-17
8690.45 1.1451e-17
8691.975 1.3491e-17
8693.5 1.5231e-17
8695.025 1.4243e-17
8696.55 1.3729e-17
8698.075 1.0883e-17
8699.6 1.0775e-17
8701.125 1.2147e-17
8702.65 1.3343e-17
8704.175 1.347e-17
8705.7 1.2709e-17
8707.225 1.3452e-17
8708.75 1.4346e-17
8710.275 1.2036e-17
8711.8 1.1135e-17
8713.325 1.5454e-17
8714.85 1.6511e-17
8716.375 1.4558e-17
8717.9 1.3117e-17
8719.425 1.2882e-17
8720.95 1.5005e-17
8722.475 1.5049e-17
8724.0 1.5255e-17
8725.525 1.632e-17
8727.05 1.4268e-17
8728.575 1.3231e-17
8730.1 1.2757e-17
8731.625 1.0392e-17
8733.15 1.1716e-17
8734.675 1.4446e-17
8736.2 1.3501e-17
8737.725 1.1888e-17
8739.25 1.2409e-17
8740.775 1.3667e-17
8742.3 1.2361e-17
8743.825 1.1847e-17
8745.35 1.4351e-17
8746.875 1.5852e-17
8748.4 1.5191e-17
8749.925 1.3351e-17
8751.45 1.1239e-17
8752.975 9.4173e-18
8754.5 1.1778e-17
8756.025 1.8772e-17
8757.55 2.2199e-17
8759.075 1.9498e-17
8760.6 1.0414e-17
8762.125 5.5579e-18
8763.65 1.3585e-17
8765.175 1.5821e-17
8766.7 1.3117e-17
8768.225 1.6898e-17
8769.75 1.045e-17
8771.275 4.9725e-18
8772.8 1.6794e-17
8774.325 2.6865e-17
8775.85 2.6392e-17
8777.375 2.1115e-17
8778.9 1.0964e-17
8780.425 4.237e-18
8781.95 3.9894e-18
8783.475 7.1702e-18
8785.0 8.1302e-18
8786.525 1.2795e-17
8788.05 1.8484e-17
8789.575 1.9134e-17
8791.1 1.6898e-17
8792.625 1.5982e-17
8794.15 1.2855e-17
8795.675 1.2831e-17
8797.2 1.1991e-17
8798.725 1.1934e-17
8800.25 1.4269e-17
8801.775 1.55e-17
8803.3 1.6208e-17
8804.825 1.6887e-17
8806.35 1.3502e-17
8807.875 1.0106e-17
8809.4 1.137e-17
8810.925 1.3965e-17
8812.45 1.2948e-17
8813.975 1.0769e-17
8815.5 1.3144e-17
8817.025 1.3324e-17
8818.55 9.6617e-18
8820.075 3.9566e-18
8821.6 4.0092e-19
8823.125 1.5581e-17
8824.65 2.1702e-17
8826.175 2.2181e-17
8827.7 2.9263e-17
8829.225 8.9342e-18
8830.75 -2.447e-18
8832.275 1.1835e-17
8833.8 1.5974e-17
8835.325 1.1271e-17
8836.85 1.1939e-17
8838.375 1.0445e-17
8839.9 6.6216e-18
8841.425 8.0422e-18
8842.95 9.5707e-18
8844.475 1.4314e-17
8846.0 1.6073e-17
8847.525 1.0746e-17
8849.05 1.0422e-17
8850.575 1.2488e-17
8852.1 1.2229e-17
8853.625 1.4217e-17
8855.15 1.4665e-17
8856.675 1.3742e-17
8858.2 1.3635e-17
8859.725 1.2421e-17
8861.25 1.2795e-17
8862.775 1.489e-17
8864.3 1.9134e-17
8865.825 1.7213e-17
8867.35 1.444e-17
8868.875 1.311e-17
8870.4 7.5895e-18
8871.925 1.1733e-17
8873.45 1.2541e-17
8874.975 1.0112e-17
8876.5 1.1484e-17
8878.025 1.1068e-17
8879.55 6.9397e-18
8881.075 1.4467e-17
8882.6 2.7817e-17
8884.125 2.2468e-17
8885.65 2.4603e-17
8887.175 2.2308e-17
8888.7 5.2131e-18
8890.225 5.5981e-18
8891.75 1.0645e-17
8893.275 1.1305e-17
8894.8 9.3104e-18
8896.325 8.2006e-18
8897.85 9.7053e-18
8899.375 1.5702e-17
8900.9 1.2568e-17
8902.425 1.2833e-17
8903.95 1.8598e-17
8905.475 1.3715e-17
8907.0 1.2545e-17
8908.525 1.3742e-17
8910.05 1.4655e-17
8911.575 1.2822e-17
8913.1 6.7169e-18
8914.625 1.2802e-17
8916.15 3.0777e-17
8917.675 2.6747e-17
8919.2 2.4104e-17
8920.725 2.2475e-17
8922.25 7.8843e-18
8923.775 3.7269e-18
8925.3 9.6379e-18
8926.825 1.1419e-17
8928.35 1.346e-17
8929.875 1.3415e-17
8931.4 1.1117e-17
8932.925 1.0733e-17
8934.45 1.1591e-17
8935.975 1.0303e-17
8937.5 9.8439e-18
8939.025 1.5194e-17
8940.55 1.8511e-17
8942.075 1.8094e-17
8943.6 1.9357e-17
8945.125 1.4306e-17
8946.65 8.5092e-18
8948.175 1.0426e-17
8949.7 1.1327e-17
8951.225 6.897e-18
8952.75 7.1208e-18
8954.275 1.8725e-17
8955.8 2.3863e-17
8957.325 2.3854e-17
8958.85 2.2069e-17
8960.375 8.4944e-18
8961.9 4.1284e-18
8963.425 8.3075e-18
8964.95 7.6784e-18
8966.475 9.8521e-18
8968.0 1.1797e-17
8969.525 1.0832e-17
8971.05 1.1166e-17
8972.575 1.2277e-17
8974.1 1.0252e-17
8975.625 9.7802e-18
8977.15 1.291e-17
8978.675 1.0871e-17
8980.2 9.3434e-18
8981.725 1.0399e-17
8983.25 9.5908e-18
8984.775 1.0239e-17
8986.3 8.611e-18
8987.825 1.2108e-17
8989.35 1.7645e-17
8990.875 1.3259e-17
8992.4 1.4578e-17
8993.925 1.0416e-17
8995.45 7.9686e-18
8996.975 1.3819e-17
8998.5 1.3975e-17
9000.025 1.6615e-17
9001.55 2.1828e-17
9003.075 1.6267e-17
9004.6 5.8397e-18
9006.125 9.168e-18
9007.65 1.1527e-17
9009.175 1.1516e-17
9010.7 1.0558e-17
9012.225 8.5369e-18
9013.75 1.0309e-17
9015.275 1.2886e-17
9016.8 1.4848e-17
9018.325 1.3972e-17
9019.85 1.1339e-17
9021.375 1.2846e-17
9022.9 1.4842e-17
9024.425 1.5841e-17
9025.95 1.4578e-17
9027.475 1.3862e-17
9029.0 1.641e-17
9030.525 1.3751e-17
9032.05 1.1283e-17
9033.575 1.6875e-17
9035.1 1.4918e-17
9036.625 1.087e-17
9038.15 1.088e-17
9039.675 9.9402e-18
9041.2 9.7653e-18
9042.725 1.1478e-17
9044.25 1.3747e-17
9045.775 1.739e-17
9047.3 2.069e-17
9048.825 1.5592e-17
9050.35 1.1855e-17
9051.875 1.3474e-17
9053.4 1.1344e-17
9054.925 8.5916e-18
9056.45 1.0838e-17
9057.975 1.178e-17
9059.5 1.0968e-17
9061.025 1.3175e-17
9062.55 1.3547e-17
9064.075 1.2675e-17
9065.6 1.3091e-17
9067.125 1.1885e-17
9068.65 1.1592e-17
9070.175 1.1885e-17
9071.7 1.0707e-17
9073.225 1.063e-17
9074.75 1.0607e-17
9076.275 1.0072e-17
9077.8 1.0396e-17
9079.325 1.0833e-17
9080.85 1.2171e-17
9082.375 1.325e-17
9083.9 1.2786e-17
9085.425 1.232e-17
9086.95 1.3597e-17
9088.475 1.358e-17
9090.0 1.1726e-17
9091.525 1.2344e-17
9093.05 1.2331e-17
9094.575 1.2557e-17
9096.1 1.1884e-17
9097.625 1.3605e-17
9099.15 1.6707e-17
9100.675 1.4993e-17
9102.2 1.3999e-17
9103.725 1.6327e-17
9105.25 1.2817e-17
9106.775 1.1294e-17
9108.3 1.3649e-17
9109.825 1.3879e-17
9111.35 1.3833e-17
9112.875 1.3829e-17
9114.4 1.232e-17
9115.925 1.2664e-17
9117.45 1.2881e-17
9118.975 1.3221e-17
9120.5 1.3517e-17
9122.025 1.4657e-17
9123.55 1.4487e-17
9125.075 1.1333e-17
9126.6 9.7511e-18
9128.125 1.0816e-17
9129.65 1.1383e-17
9131.175 1.2361e-17
9132.7 1.1609e-17
9134.225 1.1042e-17
9135.75 1.309e-17
9137.275 1.2144e-17
9138.8 1.1441e-17
9140.325 1.0883e-17
9141.85 1.2116e-17
9143.375 1.1942e-17
9144.9 1.2888e-17
9146.425 1.4451e-17
9147.95 1.6287e-17
9149.475 1.571e-17
9151.0 1.25e-17
9152.525 1.0602e-17
9154.05 1.0281e-17
9155.575 1.1089e-17
9157.1 9.1224e-18
9158.625 9.7858e-18
9160.15 1.1495e-17
9161.675 1.29e-17
9163.2 1.2146e-17
9164.725 1.0557e-17
9166.25 1.0872e-17
9167.775 1.0269e-17
9169.3 1.1394e-17
9170.825 1.2101e-17
9172.35 1.2807e-17
9173.875 1.4749e-17
9175.4 1.3386e-17
9176.925 1.3131e-17
9178.45 1.1697e-17
9179.975 1.0124e-17
9181.5 1.2293e-17
9183.025 1.2131e-17
9184.55 1.041e-17
9186.075 1.0167e-17
9187.6 9.9133e-18
9189.125 1.1263e-17
9190.65 1.3585e-17
9192.175 1.3299e-17
9193.7 1.2609e-17
9195.225 1.2457e-17
9196.75 1.2822e-17
9198.275 1.2386e-17
9199.8 1.2046e-17
9201.325 1.3275e-17
9202.85 1.431e-17
9204.375 1.1855e-17
9205.9 1.0064e-17
9207.425 1.1743e-17
9208.95 1.1585e-17
9210.475 9.4534e-18
9212.0 1.0879e-17
9213.525 1.2249e-17
9215.05 1.285e-17
9216.575 1.4308e-17
9218.1 1.2409e-17
9219.625 1.0886e-17
9221.15 1.1893e-17
9222.675 1.4706e-17
9224.2 1.6599e-17
9225.725 1.4271e-17
9227.25 1.3338e-17
9228.775 1.2204e-17
9230.3 1.3774e-17
9231.825 1.6023e-17
9233.35 1.2925e-17
9234.875 1.2376e-17
9236.4 1.3089e-17
9237.925 1.0553e-17
9239.45 1.2786e-17
9240.975 1.6094e-17
9242.5 1.5365e-17
9244.025 1.6029e-17
9245.55 1.3571e-17
9247.075 1.1792e-17
9248.6 1.2756e-17
9250.125 1.3373e-17
9251.65 1.3596e-17
9253.175 1.2056e-17
9254.7 9.2361e-18
9256.225 9.8534e-18
9257.75 1.3703e-17
9259.275 1.5418e-17
9260.8 1.4767e-17
9262.325 1.2096e-17
9263.85 1.2699e-17
9265.375 1.2771e-17
9266.9 1.3502e-17
9268.425 1.6062e-17
9269.95 1.3681e-17
9271.475 1.3194e-17
9273.0 1.294e-17
9274.525 1.2601e-17
9276.05 1.3412e-17
9277.575 1.4235e-17
9279.1 1.6296e-17
9280.625 1.6552e-17
9282.15 1.2952e-17
9283.675 1.4024e-17
9285.2 1.4127e-17
9286.725 1.1263e-17
9288.25 1.1298e-17
9289.775 1.3682e-17
9291.3 1.4565e-17
9292.825 1.3034e-17
9294.35 1.5092e-17
9295.875 1.7742e-17
9297.4 1.8002e-17
9298.925 1.7361e-17
9300.45 1.8176e-17
9301.975 2.2087e-17
9303.5 2.5213e-17
9305.025 2.2592e-17
9306.55 1.814e-17
9308.075 2.5969e-17
9309.6 3.2474e-17
9311.125 2.2468e-17
9312.65 3.2071e-17
9314.175 3.7934e-17
9315.7 1.1748e-17
9317.225 -4.4215e-18
9318.75 2.3801e-17
9320.275 3.1324e-17
9321.8 1.9259e-17
9323.325 2.307e-17
9324.85 1.5363e-17
9326.375 6.9506e-18
9327.9 1.4982e-17
9329.425 1.7245e-17
9330.95 1.2619e-17
9332.475 1.8047e-17
9334.0 3.1823e-17
9335.525 2.5107e-17
9337.05 2.3145e-17
9338.575 2.0621e-17
9340.1 1.0523e-17
9341.625 1.1539e-17
9343.15 1.6623e-17
9344.675 2.5419e-17
9346.2 2.5824e-17
9347.725 1.7116e-17
9349.25 9.3187e-18
9350.775 9.4718e-18
9352.3 1.0229e-17
9353.825 1.0076e-17
9355.35 1.2557e-17
9356.875 1.3608e-17
9358.4 1.6681e-17
9359.925 1.8204e-17
9361.45 1.7993e-17
9362.975 1.3366e-17
9364.5 1.3782e-17
9366.025 1.3753e-17
9367.55 6.1335e-18
9369.075 5.4991e-18
9370.6 2.4904e-17
9372.125 4.6468e-17
9373.65 3.8176e-17
9375.175 3.712e-17
9376.7 2.9418e-17
9378.225 -2.6335e-18
9379.75 -3.6865e-18
9381.275 1.0077e-17
9382.8 1.5232e-17
9384.325 1.4513e-17
9385.85 1.5892e-17
9387.375 1.7746e-17
9388.9 1.5042e-17
9390.425 1.2305e-17
9391.95 1.1599e-17
9393.475 1.6571e-17
9395.0 1.754e-17
9396.525 1.585e-17
9398.05 1.6056e-17
9399.575 1.1336e-17
9401.1 8.6138e-18
9402.625 1.3009e-17
9404.15 1.2597e-17
9405.675 9.732e-18
9407.2 1.3991e-17
9408.725 1.8286e-17
9410.25 1.6159e-17
9411.775 1.2875e-17
9413.3 1.0289e-17
9414.825 1.3639e-17
9416.35 2.4092e-17
9417.875 2.8163e-17
9419.4 2.2756e-17
9420.925 1.1831e-17
9422.45 5.2285e-18
9423.975 5.9142e-18
9425.5 9.6364e-18
9427.025 1.2956e-17
9428.55 1.3993e-17
9430.075 1.9944e-17
9431.6 1.783e-17
9433.125 1.4832e-17
9434.65 3.4876e-17
9436.175 5.1795e-17
9437.7 2.8638e-17
9439.225 2.9347e-17
9440.75 2.9637e-17
9442.275 -5.3968e-18
9443.8 3.899e-18
9445.325 1.2567e-17
9446.85 1.4058e-17
9448.375 1.505e-17
9449.9 1.1036e-17
9451.425 5.1403e-18
9452.95 7.8387e-18
9454.475 2.1042e-17
9456.0 2.1812e-17
9457.525 2.3619e-17
9459.05 2.8704e-17
9460.575 8.7772e-18
9462.1 2.7665e-18
9463.625 7.2066e-18
9465.15 8.8183e-18
9466.675 1.0359e-17
9468.2 1.543e-17
9469.725 1.0214e-17
9471.25 1.0411e-17
9472.775 2.6307e-17
9474.3 2.4637e-17
9475.825 1.8906e-17
9477.35 9.0524e-18
9478.875 -1.5104e-17
9480.4 -7.9389e-18
9481.925 9.1915e-18
9483.45 1.3188e-17
9484.975 1.0035e-17
9486.5 1.0607e-17
9488.025 1.1081e-17
9489.55 1.6402e-17
9491.075 1.8575e-17
9492.6 1.4291e-17
9494.125 1.6702e-17
9495.65 1.311e-17
9497.175 1.0437e-17
9498.7 2.3888e-17
9500.225 2.6429e-17
9501.75 1.826e-17
9503.275 1.5336e-17
9504.8 3.5379e-19
9506.325 1.7521e-18
9507.85 1.2545e-17
9509.375 1.1878e-17
9510.9 7.8978e-18
9512.425 7.6414e-18
9513.95 1.1676e-17
9515.475 1.8324e-17
9517.0 2.8176e-17
9518.525 1.9227e-17
9520.05 7.9714e-18
9521.575 9.5221e-18
9523.1 1.1171e-17
9524.625 1.5711e-17
9526.15 1.3721e-17
9527.675 1.2742e-17
9529.2 1.5119e-17
9530.725 1.2951e-17
9532.25 9.0867e-18
9533.775 8.633e-18
9535.3 1.0223e-17
9536.825 1.1426e-17
9538.35 1.304e-17
9539.875 1.2671e-17
9541.4 1.254e-17
9542.925 9.0279e-18
9544.45 9.2905e-18
9545.975 1.3666e-17
9547.5 1.6867e-17
9549.025 2.094e-17
9550.55 1.6016e-17
9552.075 1.6723e-17
9553.6 1.6533e-17
9555.125 1.3174e-17
9556.65 9.2594e-18
9558.175 1.2102e-17
9559.7 1.2609e-17
9561.225 1.0776e-17
9562.75 2.0567e-17
9564.275 3.3161e-17
9565.8 2.4837e-17
9567.325 2.7237e-17
9568.85 2.5929e-17
9570.375 1.0309e-17
9571.9 9.0132e-18
9573.425 1.3531e-17
9574.95 1.3582e-17
9576.475 1.1354e-17
9578.0 1.0792e-17
9579.525 1.0811e-17
9581.05 1.2648e-17
9582.575 1.1707e-17
9584.1 1.0174e-17
9585.625 1.0549e-17
9587.15 7.948e-18
9588.675 7.852e-18
9590.2 7.4524e-18
9591.725 1.2758e-17
9593.25 1.4405e-17
9594.775 1.2611e-17
9596.3 1.1168e-17
9597.825 9.2623e-18
9599.35 1.0021e-17
9600.875 1.1758e-17
9602.4 1.5408e-17
9603.925 1.5538e-17
9605.45 1.6283e-17
9606.975 1.6582e-17
9608.5 1.6796e-17
9610.025 1.1192e-17
9611.55 8.6371e-18
9613.075 9.1468e-18
9614.6 9.9122e-18
9616.125 1.6794e-17
9617.65 2.06e-17
9619.175 1.2475e-17
9620.7 9.9005e-18
9622.225 1.3288e-17
9623.75 1.0927e-17
9625.275 9.8051e-18
9626.8 1.0977e-17
9628.325 1.0367e-17
9629.85 1.1348e-17
9631.375 1.4346e-17
9632.9 1.4041e-17
9634.425 1.0477e-17
9635.95 1.0386e-17
9637.475 1.4301e-17
9639.0 1.6884e-17
9640.525 1.5484e-17
9642.05 8.7854e-18
9643.575 7.1228e-18
9645.1 1.1912e-17
9646.625 1.1364e-17
9648.15 1.408e-17
9649.675 1.8212e-17
9651.2 1.626e-17
9652.725 1.6383e-17
9654.25 1.4933e-17
9655.775 9.3026e-18
9657.3 9.9079e-18
9658.825 1.3588e-17
9660.35 1.2488e-17
9661.875 1.1975e-17
9663.4 1.4856e-17
9664.925 1.7159e-17
9666.45 1.4698e-17
9667.975 1.2153e-17
9669.5 7.1753e-18
9671.025 2.4272e-18
9672.55 4.388e-18
9674.075 1.1166e-17
9675.6 1.3292e-17
9677.125 1.5289e-17
9678.65 1.4923e-17
9680.175 9.4902e-18
9681.7 2.7511e-18
9683.225 -5.0494e-18
9684.75 4.9237e-18
9686.275 1.2563e-17
9687.8 1.4417e-17
9689.325 1.2833e-17
9690.85 1.6329e-17
9692.375 1.1167e-17
9693.9 8.6789e-18
9695.425 2.1023e-17
9696.95 2.2546e-17
9698.475 2.1856e-17
9700.0 1.5212e-17
9701.525 4.7684e-18
9703.05 8.022e-18
9704.575 1.2453e-17
9706.1 1.1772e-17
9707.625 1.5539e-17
9709.15 1.4483e-17
9710.675 9.3969e-18
9712.2 1.0678e-17
9713.725 6.4812e-18
9715.25 1.5299e-17
9716.775 2.0399e-17
9718.3 1.8366e-17
9719.825 6.4333e-18
9721.35 -1.1443e-18
9722.875 -9.1903e-19
9724.4 4.3942e-18
9725.925 1.1452e-17
9727.45 1.6363e-17
9728.975 1.8827e-17
9730.5 1.5109e-17
9732.025 1.1487e-17
9733.55 1.4944e-17
9735.075 2.0855e-17
9736.6 1.8038e-17
9738.125 1.8715e-17
9739.65 1.5642e-17
9741.175 1.0928e-17
9742.7 7.7094e-18
9744.225 1.2965e-17
9745.75 1.7246e-17
9747.275 1.4138e-17
9748.8 1.2274e-17
9750.325 1.3289e-17
9751.85 1.1409e-17
9753.375 8.9024e-18
9754.9 1.2745e-17
9756.425 1.7916e-17
9757.95 1.6359e-17
9759.475 1.1302e-17
9761.0 9.8479e-18
9762.525 1.1064e-17
9764.05 1.2421e-17
9765.575 1.3077e-17
9767.1 1.4108e-17
9768.625 1.4934e-17
9770.15 1.2644e-17
9771.675 1.0729e-17
9773.2 1.2464e-17
9774.725 1.3526e-17
9776.25 1.0179e-17
9777.775 8.7665e-18
9779.3 1.4655e-17
9780.825 1.591e-17
9782.35 1.1423e-17
9783.875 6.2708e-18
9785.4 1.0006e-17
9786.925 2.508e-17
9788.45 2.9004e-17
9789.975 3.2185e-17
9791.5 2.9548e-17
9793.025 1.3204e-17
9794.55 1.2627e-18
9796.075 7.1915e-18
9797.6 1.1917e-17
9799.125 1.6064e-17
9800.65 7.8621e-18
9802.175 3.9963e-18
9803.7 1.1618e-17
9805.225 1.3237e-17
9806.75 1.4712e-17
9808.275 1.3468e-17
9809.8 1.0364e-17
9811.325 1.3602e-17
9812.85 1.6566e-17
9814.375 1.0984e-17
9815.9 6.5979e-18
9817.425 9.1512e-18
9818.95 8.2739e-18
9820.475 7.2312e-18
9822.0 9.8937e-18
9823.525 1.0383e-17
9825.05 4.5505e-18
9826.575 1.593e-18
9828.1 6.0742e-18
9829.625 1.274e-17
9831.15 1.5381e-17
9832.675 1.6191e-17
9834.2 1.409e-17
9835.725 1.3671e-17
9837.25 1.4083e-17
9838.775 1.5038e-17
9840.3 1.2093e-17
9841.825 1.0066e-17
9843.35 1.4672e-17
9844.875 1.9676e-17
9846.4 2.4389e-17
9847.925 2.1747e-17
9849.45 2.0604e-17
9850.975 1.2296e-17
9852.5 1.0185e-17
9854.025 1.2381e-17
9855.55 1.3176e-17
9857.075 1.6419e-17
9858.6 1.2786e-17
9860.125 9.4859e-18
9861.65 1.2828e-17
9863.175 1.2882e-17
9864.7 3.8218e-18
9866.225 -1.4372e-18
9867.75 1.6753e-17
9869.275 3.2628e-17
9870.8 3.3944e-17
9872.325 4.3798e-17
9873.85 3.186e-17
9875.375 6.6172e-18
9876.9 4.1824e-18
9878.425 9.9931e-18
9879.95 1.2741e-17
9881.475 1.3616e-17
9883.0 1.4842e-17
9884.525 1.3323e-17
9886.05 1.1254e-17
9887.575 1.1374e-17
9889.1 1.1749e-17
9890.625 2.3219e-17
9892.15 2.5426e-17
9893.675 1.0251e-17
9895.2 7.1905e-18
9896.725 2.5812e-18
9898.25 -4.1387e-19
9899.775 8.9887e-18
9901.3 9.7327e-18
9902.825 7.8936e-18
9904.35 1.0139e-17
9905.875 1.1236e-17
9907.4 4.8116e-18
9908.925 2.3744e-18
9910.45 2.1694e-17
9911.975 3.7199e-17
9913.5 3.7184e-17
9915.025 4.1384e-17
9916.55 2.4146e-17
9918.075 3.006e-18
9919.6 1.2579e-17
9921.125 1.0624e-17
9922.65 1.0417e-17
9924.175 1.388e-17
9925.7 1.231e-17
9927.225 9.6943e-18
9928.75 7.9958e-18
9930.275 1.3738e-17
9931.8 1.5216e-17
9933.325 9.2194e-18
9934.85 8.0562e-18
9936.375 1.223e-17
9937.9 1.5788e-17
9939.425 8.3404e-18
9940.95 7.449e-18
9942.475 8.3916e-18
9944.0 1.245e-17
9945.525 2.5547e-17
9947.05 3.2811e-17
9948.575 2.2495e-17
9950.1 -5.2881e-19
9951.625 6.8923e-19
9953.15 8.7546e-18
9954.675 6.9319e-18
9956.2 1.4585e-17
9957.725 2.3025e-17
9959.25 8.8317e-18
9960.775 6.8868e-19
9962.3 4.8553e-18
9963.825 3.9186e-18
9965.35 -3.3013e-18
9966.875 1.2045e-18
9968.4 9.5993e-18
9969.925 1.3688e-17
9971.45 1.5025e-17
9972.975 2.1644e-17
9974.5 1.685e-17
9976.025 4.4473e-18
9977.55 3.4797e-18
9979.075 1.0234e-17
9980.6 1.2078e-17
9982.125 1.042e-17
9983.65 1.3219e-17
9985.175 1.3036e-17
9986.7 1.0283e-17
9988.225 7.7094e-18
9989.75 9.3029e-18
9991.275 1.2476e-17
9992.8 1.2817e-17
9994.325 1.141e-17
9995.85 1.3389e-17
9997.375 1.4797e-17
9998.9 1.3482e-17
10000.425 1.0621e-17
