# DICHROIC = D55
# HA = +03:47:43.3
# ANGLE = 27 deg 17 min
# OBSERVER = Lin Yan
# OBSLST = 03:03:35.9
# CDELT1 = 1.525
# OBJECT = ZTF18acxgqxq
# CASSPA = 88.00
# PARALLAC = 88.34
# HOURANG = W03:47:43.3
# CCDTEMP = 161.70
# LAMPS = 0000000
# RA = 23:15:01.09
# GRATING = 600/4000
# APERTURE = 1.5
# TELFOCUS = 51.80 mm
# AIRMASS = 1.399
# DEC = +48:45:32.5
# CRVAL1 = 3300.0
# UTSHUT = 2019-01-07T03:45:21.192
# EXPTIME = 900
3300.0 1.1617e-16
3301.525 1.3337e-16
3303.05 8.751e-17
3304.575 1.4994e-16
3306.1 1.439e-16
3307.625 1.2927e-16
3309.15 1.2186e-16
3310.675 1.1865e-16
3312.2 1.2074e-16
3313.725 1.1178e-16
3315.25 1.3816e-16
3316.775 8.8945e-17
3318.3 1.0613e-16
3319.825 1.0725e-16
3321.35 1.1086e-16
3322.875 1.0086e-16
3324.4 1.0844e-16
3325.925 1.2321e-16
3327.45 1.426e-16
3328.975 1.5511e-16
3330.5 1.3928e-16
3332.025 1.611e-16
3333.55 1.3758e-16
3335.075 1.7917e-16
3336.6 1.2392e-16
3338.125 1.0541e-16
3339.65 1.4166e-16
3341.175 1.9241e-16
3342.7 1.3511e-16
3344.225 1.879e-16
3345.75 1.6802e-16
3347.275 2.0438e-16
3348.8 1.8061e-16
3350.325 1.4366e-16
3351.85 1.8191e-16
3353.375 1.5919e-16
3354.9 1.4944e-16
3356.425 1.6527e-16
3357.95 1.477e-16
3359.475 1.5803e-16
3361.0 1.7704e-16
3362.525 1.1967e-16
3364.05 1.2249e-16
3365.575 1.4608e-16
3367.1 1.4816e-16
3368.625 9.7156e-17
3370.15 9.9304e-17
3371.675 1.3528e-16
3373.2 8.696e-17
3374.725 1.12e-16
3376.25 1.0857e-16
3377.775 1.1896e-16
3379.3 8.9619e-17
3380.825 9.8941e-17
3382.35 9.6577e-17
3383.875 8.55e-17
3385.4 7.1954e-17
3386.925 7.0876e-17
3388.45 9.0255e-17
3389.975 8.5491e-17
3391.5 7.0471e-17
3393.025 1.0899e-16
3394.55 1.1428e-16
3396.075 1.3672e-16
3397.6 1.0875e-16
3399.125 1.0801e-16
3400.65 1.073e-16
3402.175 1.2553e-16
3403.7 1.2673e-16
3405.225 1.4394e-16
3406.75 9.7563e-17
3408.275 1.2517e-16
3409.8 1.3176e-16
3411.325 1.0708e-16
3412.85 1.248e-16
3414.375 1.6545e-16
3415.9 1.1173e-16
3417.425 1.1203e-16
3418.95 1.1597e-16
3420.475 9.8072e-17
3422.0 1.0134e-16
3423.525 8.3528e-17
3425.05 9.0063e-17
3426.575 8.4443e-17
3428.1 6.6533e-17
3429.625 7.2344e-17
3431.15 8.0743e-17
3432.675 7.9968e-17
3434.2 6.3078e-17
3435.725 9.3691e-17
3437.25 1.0017e-16
3438.775 6.8997e-17
3440.3 5.6988e-17
3441.825 5.9911e-17
3443.35 7.7547e-17
3444.875 1.0373e-16
3446.4 8.8417e-17
3447.925 9.6196e-17
3449.45 8.4779e-17
3450.975 8.6818e-17
3452.5 9.4571e-17
3454.025 6.8638e-17
3455.55 8.5977e-17
3457.075 1.0843e-16
3458.6 8.6902e-17
3460.125 6.97e-17
3461.65 1.3117e-16
3463.175 9.7992e-17
3464.7 1.3737e-16
3466.225 1.3814e-16
3467.75 1.316e-16
3469.275 1.355e-16
3470.8 1.4934e-16
3472.325 1.7644e-16
3473.85 1.4129e-16
3475.375 1.1424e-16
3476.9 1.2734e-16
3478.425 1.6412e-16
3479.95 1.241e-16
3481.475 1.3513e-16
3483.0 1.5612e-16
3484.525 1.7373e-16
3486.05 1.6878e-16
3487.575 1.6054e-16
3489.1 1.2239e-16
3490.625 1.4187e-16
3492.15 1.3078e-16
3493.675 1.5324e-16
3495.2 1.3756e-16
3496.725 1.2809e-16
3498.25 1.293e-16
3499.775 1.3779e-16
3501.3 1.3518e-16
3502.825 1.4616e-16
3504.35 1.1872e-16
3505.875 1.3647e-16
3507.4 1.1329e-16
3508.925 1.5236e-16
3510.45 1.5297e-16
3511.975 1.5938e-16
3513.5 1.753e-16
3515.025 1.485e-16
3516.55 1.7367e-16
3518.075 1.952e-16
3519.6 1.9124e-16
3521.125 1.7534e-16
3522.65 1.8607e-16
3524.175 1.9632e-16
3525.7 1.8951e-16
3527.225 1.9662e-16
3528.75 1.9261e-16
3530.275 2.1766e-16
3531.8 2.3486e-16
3533.325 2.2375e-16
3534.85 2.1418e-16
3536.375 2.2741e-16
3537.9 2.1809e-16
3539.425 2.1571e-16
3540.95 2.1866e-16
3542.475 2.3398e-16
3544.0 2.344e-16
3545.525 1.9089e-16
3547.05 1.4249e-16
3548.575 1.237e-16
3550.1 1.8809e-16
3551.625 2.2343e-16
3553.15 1.9352e-16
3554.675 1.4478e-16
3556.2 1.2981e-16
3557.725 1.1921e-16
3559.25 1.4151e-16
3560.775 1.6428e-16
3562.3 1.8718e-16
3563.825 1.6755e-16
3565.35 1.6747e-16
3566.875 1.6028e-16
3568.4 1.5234e-16
3569.925 1.5991e-16
3571.45 1.605e-16
3572.975 1.5391e-16
3574.5 1.4395e-16
3576.025 1.583e-16
3577.55 1.2656e-16
3579.075 1.2039e-16
3580.6 1.2916e-16
3582.125 1.5247e-16
3583.65 1.6184e-16
3585.175 1.4195e-16
3586.7 1.4661e-16
3588.225 1.3005e-16
3589.75 1.4176e-16
3591.275 1.4887e-16
3592.8 1.4891e-16
3594.325 1.494e-16
3595.85 1.6102e-16
3597.375 1.5059e-16
3598.9 1.7531e-16
3600.425 1.7418e-16
3601.95 1.6409e-16
3603.475 1.4573e-16
3605.0 1.904e-16
3606.525 1.7091e-16
3608.05 1.7338e-16
3609.575 1.8656e-16
3611.1 1.8098e-16
3612.625 1.6555e-16
3614.15 1.7552e-16
3615.675 1.6861e-16
3617.2 1.8148e-16
3618.725 1.4862e-16
3620.25 1.4213e-16
3621.775 1.6677e-16
3623.3 1.8311e-16
3624.825 1.8068e-16
3626.35 1.5457e-16
3627.875 1.6379e-16
3629.4 1.5779e-16
3630.925 1.6471e-16
3632.45 1.5608e-16
3633.975 1.4892e-16
3635.5 1.4897e-16
3637.025 1.44e-16
3638.55 1.435e-16
3640.075 1.286e-16
3641.6 1.325e-16
3643.125 1.4342e-16
3644.65 1.4203e-16
3646.175 1.3451e-16
3647.7 1.4547e-16
3649.225 1.3612e-16
3650.75 1.4034e-16
3652.275 1.2879e-16
3653.8 1.1651e-16
3655.325 1.3174e-16
3656.85 1.4218e-16
3658.375 1.2449e-16
3659.9 1.462e-16
3661.425 1.5315e-16
3662.95 1.5221e-16
3664.475 1.2121e-16
3666.0 1.2307e-16
3667.525 1.3312e-16
3669.05 1.2458e-16
3670.575 1.3773e-16
3672.1 1.3413e-16
3673.625 1.4415e-16
3675.15 1.2794e-16
3676.675 1.3937e-16
3678.2 1.4589e-16
3679.725 1.4603e-16
3681.25 1.5655e-16
3682.775 1.5383e-16
3684.3 1.6138e-16
3685.825 1.3499e-16
3687.35 1.4505e-16
3688.875 1.621e-16
3690.4 1.6113e-16
3691.925 1.4296e-16
3693.45 1.542e-16
3694.975 1.5685e-16
3696.5 1.7193e-16
3698.025 1.6888e-16
3699.55 1.969e-16
3701.075 1.7404e-16
3702.6 1.6352e-16
3704.125 1.8665e-16
3705.65 1.8079e-16
3707.175 1.5862e-16
3708.7 1.5623e-16
3710.225 1.6176e-16
3711.75 1.7167e-16
3713.275 1.628e-16
3714.8 1.6799e-16
3716.325 1.6839e-16
3717.85 1.6658e-16
3719.375 1.4014e-16
3720.9 1.4891e-16
3722.425 1.5559e-16
3723.95 1.3648e-16
3725.475 1.3086e-16
3727.0 1.333e-16
3728.525 1.3242e-16
3730.05 1.3858e-16
3731.575 1.3535e-16
3733.1 1.3737e-16
3734.625 1.2451e-16
3736.15 1.2073e-16
3737.675 1.3556e-16
3739.2 1.3069e-16
3740.725 1.4302e-16
3742.25 1.286e-16
3743.775 1.2043e-16
3745.3 1.3373e-16
3746.825 1.3276e-16
3748.35 1.3879e-16
3749.875 1.3379e-16
3751.4 1.3107e-16
3752.925 1.3561e-16
3754.45 1.4414e-16
3755.975 1.5045e-16
3757.5 1.4959e-16
3759.025 1.5255e-16
3760.55 1.536e-16
3762.075 1.6006e-16
3763.6 1.6891e-16
3765.125 1.6504e-16
3766.65 1.5306e-16
3768.175 1.5152e-16
3769.7 1.7099e-16
3771.225 1.776e-16
3772.75 1.6748e-16
3774.275 1.5473e-16
3775.8 1.6117e-16
3777.325 1.7282e-16
3778.85 1.5123e-16
3780.375 1.6532e-16
3781.9 1.5453e-16
3783.425 1.6322e-16
3784.95 1.5635e-16
3786.475 1.6415e-16
3788.0 1.6698e-16
3789.525 1.6551e-16
3791.05 1.5933e-16
3792.575 1.5664e-16
3794.1 1.5852e-16
3795.625 1.7909e-16
3797.15 1.7379e-16
3798.675 1.5806e-16
3800.2 1.6614e-16
3801.725 1.7515e-16
3803.25 1.8561e-16
3804.775 1.5978e-16
3806.3 1.5345e-16
3807.825 1.6173e-16
3809.35 1.7118e-16
3810.875 1.6255e-16
3812.4 1.4722e-16
3813.925 1.5818e-16
3815.45 1.6928e-16
3816.975 1.5632e-16
3818.5 1.4453e-16
3820.025 1.4698e-16
3821.55 1.4863e-16
3823.075 1.4813e-16
3824.6 1.626e-16
3826.125 1.5075e-16
3827.65 1.4831e-16
3829.175 1.6038e-16
3830.7 1.534e-16
3832.225 1.536e-16
3833.75 1.4233e-16
3835.275 1.4217e-16
3836.8 1.3493e-16
3838.325 1.4614e-16
3839.85 1.5183e-16
3841.375 1.4084e-16
3842.9 1.4358e-16
3844.425 1.4308e-16
3845.95 1.2995e-16
3847.475 1.422e-16
3849.0 1.2934e-16
3850.525 1.1986e-16
3852.05 1.5341e-16
3853.575 1.4676e-16
3855.1 1.6633e-16
3856.625 1.5103e-16
3858.15 1.368e-16
3859.675 1.2991e-16
3861.2 1.256e-16
3862.725 1.3413e-16
3864.25 1.4317e-16
3865.775 1.4773e-16
3867.3 1.4819e-16
3868.825 1.2866e-16
3870.35 1.2293e-16
3871.875 1.1823e-16
3873.4 1.2853e-16
3874.925 1.2668e-16
3876.45 1.3205e-16
3877.975 1.4928e-16
3879.5 1.3511e-16
3881.025 1.3543e-16
3882.55 1.5393e-16
3884.075 1.4157e-16
3885.6 1.5514e-16
3887.125 1.5537e-16
3888.65 1.5072e-16
3890.175 1.4828e-16
3891.7 1.5441e-16
3893.225 1.465e-16
3894.75 1.4375e-16
3896.275 1.5418e-16
3897.8 1.352e-16
3899.325 1.3358e-16
3900.85 1.4573e-16
3902.375 1.5638e-16
3903.9 1.6441e-16
3905.425 1.5625e-16
3906.95 1.4944e-16
3908.475 1.8031e-16
3910.0 1.6415e-16
3911.525 1.6564e-16
3913.05 1.719e-16
3914.575 1.7042e-16
3916.1 1.664e-16
3917.625 1.78e-16
3919.15 1.6578e-16
3920.675 1.5415e-16
3922.2 1.728e-16
3923.725 1.6337e-16
3925.25 1.6962e-16
3926.775 1.8751e-16
3928.3 1.7961e-16
3929.825 1.5795e-16
3931.35 1.5751e-16
3932.875 1.5887e-16
3934.4 1.3975e-16
3935.925 1.3847e-16
3937.45 1.6957e-16
3938.975 1.6744e-16
3940.5 1.6874e-16
3942.025 1.5966e-16
3943.55 1.5303e-16
3945.075 1.7434e-16
3946.6 1.6686e-16
3948.125 1.6103e-16
3949.65 1.4799e-16
3951.175 1.57e-16
3952.7 1.5583e-16
3954.225 1.6321e-16
3955.75 1.4709e-16
3957.275 1.4323e-16
3958.8 1.5484e-16
3960.325 1.4304e-16
3961.85 1.5271e-16
3963.375 1.549e-16
3964.9 1.638e-16
3966.425 1.6538e-16
3967.95 1.51e-16
3969.475 1.4445e-16
3971.0 1.4386e-16
3972.525 1.4733e-16
3974.05 1.5516e-16
3975.575 1.706e-16
3977.1 1.7473e-16
3978.625 1.638e-16
3980.15 1.7027e-16
3981.675 1.605e-16
3983.2 1.5451e-16
3984.725 1.6638e-16
3986.25 1.5815e-16
3987.775 1.4514e-16
3989.3 1.5217e-16
3990.825 1.562e-16
3992.35 1.6496e-16
3993.875 1.6613e-16
3995.4 1.4885e-16
3996.925 1.4765e-16
3998.45 1.6036e-16
3999.975 1.6257e-16
4001.5 1.4935e-16
4003.025 1.5301e-16
4004.55 1.6319e-16
4006.075 1.5447e-16
4007.6 1.4691e-16
4009.125 1.5765e-16
4010.65 1.3535e-16
4012.175 1.4506e-16
4013.7 1.4057e-16
4015.225 1.3932e-16
4016.75 1.6076e-16
4018.275 1.3828e-16
4019.8 1.3703e-16
4021.325 1.4342e-16
4022.85 1.3227e-16
4024.375 1.5269e-16
4025.9 1.3891e-16
4027.425 1.3674e-16
4028.95 1.3887e-16
4030.475 1.2611e-16
4032.0 1.2995e-16
4033.525 1.2793e-16
4035.05 1.3624e-16
4036.575 1.3234e-16
4038.1 1.3345e-16
4039.625 1.4054e-16
4041.15 1.3304e-16
4042.675 1.3224e-16
4044.2 1.3563e-16
4045.725 1.5585e-16
4047.25 1.4738e-16
4048.775 1.289e-16
4050.3 1.3059e-16
4051.825 1.403e-16
4053.35 1.3848e-16
4054.875 1.2209e-16
4056.4 1.2111e-16
4057.925 1.3074e-16
4059.45 1.3944e-16
4060.975 1.432e-16
4062.5 1.3965e-16
4064.025 1.5008e-16
4065.55 1.4248e-16
4067.075 1.4554e-16
4068.6 1.372e-16
4070.125 1.4164e-16
4071.65 1.3488e-16
4073.175 1.3132e-16
4074.7 1.3742e-16
4076.225 1.3608e-16
4077.75 1.2566e-16
4079.275 1.4251e-16
4080.8 1.4952e-16
4082.325 1.2962e-16
4083.85 1.5928e-16
4085.375 1.5471e-16
4086.9 1.5291e-16
4088.425 1.5512e-16
4089.95 1.3738e-16
4091.475 1.2647e-16
4093.0 1.389e-16
4094.525 1.5259e-16
4096.05 1.5502e-16
4097.575 1.3045e-16
4099.1 1.3616e-16
4100.625 1.3504e-16
4102.15 1.4801e-16
4103.675 1.3851e-16
4105.2 1.3934e-16
4106.725 1.5203e-16
4108.25 1.3954e-16
4109.775 1.3297e-16
4111.3 1.4067e-16
4112.825 1.3659e-16
4114.35 1.3939e-16
4115.875 1.3104e-16
4117.4 1.4481e-16
4118.925 1.3704e-16
4120.45 1.2699e-16
4121.975 1.2895e-16
4123.5 1.3094e-16
4125.025 1.4302e-16
4126.55 1.4099e-16
4128.075 1.3636e-16
4129.6 1.2531e-16
4131.125 1.3754e-16
4132.65 1.3194e-16
4134.175 1.2196e-16
4135.7 1.3707e-16
4137.225 1.3658e-16
4138.75 1.3667e-16
4140.275 1.4165e-16
4141.8 1.2514e-16
4143.325 1.3048e-16
4144.85 1.4631e-16
4146.375 1.4524e-16
4147.9 1.2908e-16
4149.425 1.4122e-16
4150.95 1.4456e-16
4152.475 1.2854e-16
4154.0 1.4065e-16
4155.525 1.3492e-16
4157.05 1.382e-16
4158.575 1.2398e-16
4160.1 1.2392e-16
4161.625 1.2771e-16
4163.15 1.3913e-16
4164.675 1.3198e-16
4166.2 1.2564e-16
4167.725 1.4029e-16
4169.25 1.4456e-16
4170.775 1.3283e-16
4172.3 1.2621e-16
4173.825 1.3692e-16
4175.35 1.226e-16
4176.875 1.463e-16
4178.4 1.5517e-16
4179.925 1.4388e-16
4181.45 1.4168e-16
4182.975 1.5107e-16
4184.5 1.6007e-16
4186.025 1.4962e-16
4187.55 1.4128e-16
4189.075 1.4545e-16
4190.6 1.4859e-16
4192.125 1.3815e-16
4193.65 1.4648e-16
4195.175 1.5207e-16
4196.7 1.4243e-16
4198.225 1.4266e-16
4199.75 1.3636e-16
4201.275 1.3598e-16
4202.8 1.3781e-16
4204.325 1.3503e-16
4205.85 1.2575e-16
4207.375 1.3305e-16
4208.9 1.3128e-16
4210.425 1.3377e-16
4211.95 1.3521e-16
4213.475 1.3789e-16
4215.0 1.3749e-16
4216.525 1.4227e-16
4218.05 1.4047e-16
4219.575 1.3943e-16
4221.1 1.2788e-16
4222.625 1.5111e-16
4224.15 1.4024e-16
4225.675 1.2668e-16
4227.2 1.4935e-16
4228.725 1.4041e-16
4230.25 1.4122e-16
4231.775 1.4176e-16
4233.3 1.2493e-16
4234.825 1.3421e-16
4236.35 1.3132e-16
4237.875 1.3146e-16
4239.4 1.4018e-16
4240.925 1.211e-16
4242.45 1.3252e-16
4243.975 1.4324e-16
4245.5 1.4102e-16
4247.025 1.2495e-16
4248.55 1.2263e-16
4250.075 1.3767e-16
4251.6 1.2113e-16
4253.125 1.2943e-16
4254.65 1.4131e-16
4256.175 1.3926e-16
4257.7 1.4114e-16
4259.225 1.4348e-16
4260.75 1.4916e-16
4262.275 1.5454e-16
4263.8 1.4132e-16
4265.325 1.4786e-16
4266.85 1.4957e-16
4268.375 1.3584e-16
4269.9 1.3544e-16
4271.425 1.4729e-16
4272.95 1.4191e-16
4274.475 1.5031e-16
4276.0 1.4471e-16
4277.525 1.2995e-16
4279.05 1.3791e-16
4280.575 1.2753e-16
4282.1 1.2714e-16
4283.625 1.4134e-16
4285.15 1.4394e-16
4286.675 1.398e-16
4288.2 1.3326e-16
4289.725 1.3403e-16
4291.25 1.3685e-16
4292.775 1.3558e-16
4294.3 1.4599e-16
4295.825 1.4333e-16
4297.35 1.4956e-16
4298.875 1.4346e-16
4300.4 1.4332e-16
4301.925 1.4539e-16
4303.45 1.4632e-16
4304.975 1.532e-16
4306.5 1.3999e-16
4308.025 1.5347e-16
4309.55 1.5488e-16
4311.075 1.4265e-16
4312.6 1.4178e-16
4314.125 1.4891e-16
4315.65 1.4526e-16
4317.175 1.5e-16
4318.7 1.3238e-16
4320.225 1.3892e-16
4321.75 1.2581e-16
4323.275 1.4269e-16
4324.8 1.4073e-16
4326.325 1.3192e-16
4327.85 1.4514e-16
4329.375 1.3685e-16
4330.9 1.4271e-16
4332.425 1.3653e-16
4333.95 1.3747e-16
4335.475 1.3223e-16
4337.0 1.4338e-16
4338.525 1.5075e-16
4340.05 1.5069e-16
4341.575 1.3848e-16
4343.1 1.2648e-16
4344.625 1.4978e-16
4346.15 1.3547e-16
4347.675 1.2626e-16
4349.2 1.4202e-16
4350.725 1.4801e-16
4352.25 1.4217e-16
4353.775 1.3618e-16
4355.3 1.239e-16
4356.825 1.5251e-16
4358.35 1.7508e-16
4359.875 1.8702e-16
4361.4 1.5047e-16
4362.925 1.3754e-16
4364.45 1.3682e-16
4365.975 1.4021e-16
4367.5 1.3526e-16
4369.025 1.3245e-16
4370.55 1.4743e-16
4372.075 1.3888e-16
4373.6 1.4761e-16
4375.125 1.3433e-16
4376.65 1.3172e-16
4378.175 1.4731e-16
4379.7 1.5535e-16
4381.225 1.4503e-16
4382.75 1.5144e-16
4384.275 1.2595e-16
4385.8 1.3136e-16
4387.325 1.2875e-16
4388.85 1.2311e-16
4390.375 1.3842e-16
4391.9 1.3255e-16
4393.425 1.3346e-16
4394.95 1.4082e-16
4396.475 1.2972e-16
4398.0 1.5092e-16
4399.525 1.3674e-16
4401.05 1.1813e-16
4402.575 1.2405e-16
4404.1 1.3389e-16
4405.625 1.3969e-16
4407.15 1.3097e-16
4408.675 1.4041e-16
4410.2 1.2662e-16
4411.725 1.2761e-16
4413.25 1.3521e-16
4414.775 1.4194e-16
4416.3 1.276e-16
4417.825 1.2566e-16
4419.35 1.2472e-16
4420.875 1.1969e-16
4422.4 1.3309e-16
4423.925 1.2315e-16
4425.45 1.2611e-16
4426.975 1.3097e-16
4428.5 1.1441e-16
4430.025 1.3965e-16
4431.55 1.3415e-16
4433.075 1.2977e-16
4434.6 1.2882e-16
4436.125 1.1753e-16
4437.65 1.1322e-16
4439.175 1.2746e-16
4440.7 1.267e-16
4442.225 1.1769e-16
4443.75 1.4323e-16
4445.275 1.1722e-16
4446.8 1.3243e-16
4448.325 1.3104e-16
4449.85 1.3067e-16
4451.375 1.4256e-16
4452.9 1.1589e-16
4454.425 1.0948e-16
4455.95 1.1585e-16
4457.475 1.2317e-16
4459.0 1.1543e-16
4460.525 1.1687e-16
4462.05 1.2088e-16
4463.575 1.255e-16
4465.1 1.1952e-16
4466.625 1.2849e-16
4468.15 1.3096e-16
4469.675 1.2753e-16
4471.2 1.3535e-16
4472.725 1.2364e-16
4474.25 1.1874e-16
4475.775 1.4246e-16
4477.3 1.338e-16
4478.825 1.1601e-16
4480.35 1.255e-16
4481.875 1.2765e-16
4483.4 1.2473e-16
4484.925 1.261e-16
4486.45 1.3996e-16
4487.975 1.5298e-16
4489.5 1.3171e-16
4491.025 1.325e-16
4492.55 1.4237e-16
4494.075 1.1964e-16
4495.6 1.3861e-16
4497.125 1.4397e-16
4498.65 1.303e-16
4500.175 1.3542e-16
4501.7 1.3729e-16
4503.225 1.3921e-16
4504.75 1.2356e-16
4506.275 1.3902e-16
4507.8 1.4762e-16
4509.325 1.3238e-16
4510.85 1.3852e-16
4512.375 1.3698e-16
4513.9 1.3863e-16
4515.425 1.3652e-16
4516.95 1.3788e-16
4518.475 1.5873e-16
4520.0 1.3533e-16
4521.525 1.3743e-16
4523.05 1.5067e-16
4524.575 1.3665e-16
4526.1 1.4032e-16
4527.625 1.3527e-16
4529.15 1.4205e-16
4530.675 1.508e-16
4532.2 1.3938e-16
4533.725 1.3491e-16
4535.25 1.4341e-16
4536.775 1.316e-16
4538.3 1.2378e-16
4539.825 1.2261e-16
4541.35 1.2011e-16
4542.875 1.3583e-16
4544.4 1.456e-16
4545.925 1.2563e-16
4547.45 1.284e-16
4548.975 1.329e-16
4550.5 1.3477e-16
4552.025 1.2148e-16
4553.55 1.3292e-16
4555.075 1.389e-16
4556.6 1.3785e-16
4558.125 1.3412e-16
4559.65 1.2863e-16
4561.175 1.3235e-16
4562.7 1.3098e-16
4564.225 1.2032e-16
4565.75 1.3131e-16
4567.275 1.2453e-16
4568.8 1.2307e-16
4570.325 1.2167e-16
4571.85 1.195e-16
4573.375 1.2852e-16
4574.9 1.2503e-16
4576.425 1.1232e-16
4577.95 1.249e-16
4579.475 1.0676e-16
4581.0 1.2198e-16
4582.525 1.3019e-16
4584.05 1.143e-16
4585.575 1.0889e-16
4587.1 1.0474e-16
4588.625 1.1563e-16
4590.15 1.1758e-16
4591.675 9.9819e-17
4593.2 1.1358e-16
4594.725 1.0479e-16
4596.25 1.0254e-16
4597.775 9.7715e-17
4599.3 1.1906e-16
4600.825 1.2736e-16
4602.35 1.1605e-16
4603.875 1.0312e-16
4605.4 1.0238e-16
4606.925 1.1544e-16
4608.45 1.1104e-16
4609.975 1.1362e-16
4611.5 1.1896e-16
4613.025 1.1801e-16
4614.55 1.0439e-16
4616.075 1.1603e-16
4617.6 1.1128e-16
4619.125 9.5493e-17
4620.65 1.1226e-16
4622.175 1.2008e-16
4623.7 1.0372e-16
4625.225 1.0864e-16
4626.75 1.1062e-16
4628.275 1.1094e-16
4629.8 9.7751e-17
4631.325 1.0475e-16
4632.85 9.8905e-17
4634.375 1.148e-16
4635.9 1.0581e-16
4637.425 9.6566e-17
4638.95 1.0632e-16
4640.475 1.1524e-16
4642.0 1.0395e-16
4643.525 1.1305e-16
4645.05 1.2007e-16
4646.575 1.0913e-16
4648.1 1.1636e-16
4649.625 1.2849e-16
4651.15 1.1202e-16
4652.675 1.2828e-16
4654.2 1.2627e-16
4655.725 1.2224e-16
4657.25 1.3075e-16
4658.775 1.072e-16
4660.3 1.0928e-16
4661.825 1.1609e-16
4663.35 1.1794e-16
4664.875 1.1184e-16
4666.4 1.1061e-16
4667.925 1.1265e-16
4669.45 1.2239e-16
4670.975 1.1979e-16
4672.5 1.2097e-16
4674.025 1.2521e-16
4675.55 1.1529e-16
4677.075 1.1928e-16
4678.6 1.1737e-16
4680.125 1.3064e-16
4681.65 1.1909e-16
4683.175 1.1583e-16
4684.7 1.2594e-16
4686.225 1.0975e-16
4687.75 1.2886e-16
4689.275 1.2347e-16
4690.8 1.1571e-16
4692.325 1.1932e-16
4693.85 1.0643e-16
4695.375 1.146e-16
4696.9 1.1225e-16
4698.425 1.0877e-16
4699.95 1.1006e-16
4701.475 1.1704e-16
4703.0 1.1115e-16
4704.525 1.1385e-16
4706.05 1.174e-16
4707.575 1.1516e-16
4709.1 1.1742e-16
4710.625 1.2471e-16
4712.15 1.1905e-16
4713.675 1.2464e-16
4715.2 1.22e-16
4716.725 1.2824e-16
4718.25 1.178e-16
4719.775 1.1505e-16
4721.3 1.2209e-16
4722.825 1.2035e-16
4724.35 1.1165e-16
4725.875 1.2522e-16
4727.4 1.1906e-16
4728.925 1.2228e-16
4730.45 1.3464e-16
4731.975 1.1737e-16
4733.5 1.1637e-16
4735.025 1.2351e-16
4736.55 1.1114e-16
4738.075 1.2666e-16
4739.6 1.2148e-16
4741.125 1.1776e-16
4742.65 1.2496e-16
4744.175 1.1528e-16
4745.7 1.1848e-16
4747.225 1.2666e-16
4748.75 1.1563e-16
4750.275 1.2682e-16
4751.8 1.2504e-16
4753.325 1.2326e-16
4754.85 1.2568e-16
4756.375 1.199e-16
4757.9 1.1937e-16
4759.425 1.167e-16
4760.95 1.0754e-16
4762.475 1.0843e-16
4764.0 1.1425e-16
4765.525 1.213e-16
4767.05 1.1748e-16
4768.575 1.0997e-16
4770.1 1.146e-16
4771.625 1.1176e-16
4773.15 1.1686e-16
4774.675 1.174e-16
4776.2 1.0946e-16
4777.725 1.0736e-16
4779.25 1.0853e-16
4780.775 1.0294e-16
4782.3 1.1292e-16
4783.825 1.1523e-16
4785.35 1.2762e-16
4786.875 1.2406e-16
4788.4 1.0943e-16
4789.925 1.1466e-16
4791.45 1.17e-16
4792.975 1.0957e-16
4794.5 1.1619e-16
4796.025 1.16e-16
4797.55 1.2437e-16
4799.075 1.2201e-16
4800.6 1.0559e-16
4802.125 1.0562e-16
4803.65 1.2121e-16
4805.175 1.2947e-16
4806.7 1.0886e-16
4808.225 1.0438e-16
4809.75 9.883e-17
4811.275 9.4242e-17
4812.8 9.7693e-17
4814.325 1.0143e-16
4815.85 9.8148e-17
4817.375 1.0423e-16
4818.9 1.0214e-16
4820.425 1.1102e-16
4821.95 1.0987e-16
4823.475 1.0506e-16
4825.0 1.0734e-16
4826.525 1.1311e-16
4828.05 1.0464e-16
4829.575 1.075e-16
4831.1 1.0354e-16
4832.625 1.0768e-16
4834.15 1.0813e-16
4835.675 1.1344e-16
4837.2 1.1885e-16
4838.725 1.1051e-16
4840.25 1.1012e-16
4841.775 1.1446e-16
4843.3 9.8436e-17
4844.825 9.087e-17
4846.35 9.5672e-17
4847.875 9.5683e-17
4849.4 1.0821e-16
4850.925 1.1006e-16
4852.45 1.0064e-16
4853.975 9.8583e-17
4855.5 1.0076e-16
4857.025 1.0695e-16
4858.55 9.2092e-17
4860.075 8.7266e-17
4861.6 1.0767e-16
4863.125 1.0297e-16
4864.65 9.1754e-17
4866.175 1.0755e-16
4867.7 1.0599e-16
4869.225 9.5479e-17
4870.75 9.9759e-17
4872.275 1.0496e-16
4873.8 1.0342e-16
4875.325 8.292e-17
4876.85 9.3477e-17
4878.375 1.0056e-16
4879.9 1.0275e-16
4881.425 1.0451e-16
4882.95 8.9911e-17
4884.475 9.2025e-17
4886.0 9.6186e-17
4887.525 9.5357e-17
4889.05 1.0209e-16
4890.575 1.0725e-16
4892.1 1.0252e-16
4893.625 1.1344e-16
4895.15 9.2454e-17
4896.675 9.6089e-17
4898.2 9.5697e-17
4899.725 9.5921e-17
4901.25 9.5092e-17
4902.775 1.0316e-16
4904.3 1.0494e-16
4905.825 9.5288e-17
4907.35 1.027e-16
4908.875 9.8049e-17
4910.4 9.4271e-17
4911.925 9.3792e-17
4913.45 1.0203e-16
4914.975 9.935e-17
4916.5 9.5873e-17
4918.025 1.0167e-16
4919.55 1.0432e-16
4921.075 1.0529e-16
4922.6 1.0422e-16
4924.125 8.8322e-17
4925.65 9.384e-17
4927.175 9.5473e-17
4928.7 9.5043e-17
4930.225 9.9231e-17
4931.75 1.1021e-16
4933.275 1.1506e-16
4934.8 1.0411e-16
4936.325 1.085e-16
4937.85 9.7203e-17
4939.375 1.0214e-16
4940.9 1.0414e-16
4942.425 1.1524e-16
4943.95 1.215e-16
4945.475 1.1295e-16
4947.0 1.0759e-16
4948.525 1.0437e-16
4950.05 1.2005e-16
4951.575 1.1067e-16
4953.1 1.1892e-16
4954.625 1.113e-16
4956.15 1.1329e-16
4957.675 1.1297e-16
4959.2 1.181e-16
4960.725 1.1983e-16
4962.25 1.1564e-16
4963.775 1.1359e-16
4965.3 1.1309e-16
4966.825 1.0735e-16
4968.35 1.0544e-16
4969.875 1.1756e-16
4971.4 1.0988e-16
4972.925 1.0512e-16
4974.45 1.1912e-16
4975.975 1.1698e-16
4977.5 1.0449e-16
4979.025 1.0787e-16
4980.55 1.1292e-16
4982.075 1.2178e-16
4983.6 1.0887e-16
4985.125 1.1284e-16
4986.65 1.1806e-16
4988.175 1.1575e-16
4989.7 9.471e-17
4991.225 1.1019e-16
4992.75 1.061e-16
4994.275 9.6399e-17
4995.8 1.0988e-16
4997.325 1.1724e-16
4998.85 1.1773e-16
5000.375 9.9697e-17
5001.9 1.2234e-16
5003.425 1.0912e-16
5004.95 1.0837e-16
5006.475 1.1105e-16
5008.0 1.1395e-16
5009.525 1.0247e-16
5011.05 1.1925e-16
5012.575 1.0516e-16
5014.1 1.1599e-16
5015.625 1.0825e-16
5017.15 1.1744e-16
5018.675 1.1459e-16
5020.2 1.1482e-16
5021.725 1.0968e-16
5023.25 1.0069e-16
5024.775 1.0282e-16
5026.3 1.0197e-16
5027.825 1.0571e-16
5029.35 1.1037e-16
5030.875 1.0953e-16
5032.4 1.0214e-16
5033.925 9.8469e-17
5035.45 9.115e-17
5036.975 9.534e-17
5038.5 9.4707e-17
5040.025 1.0089e-16
5041.55 9.8548e-17
5043.075 1.0486e-16
5044.6 1.0832e-16
5046.125 9.066e-17
5047.65 9.9708e-17
5049.175 1.0738e-16
5050.7 9.5342e-17
5052.225 1.0401e-16
5053.75 9.6855e-17
5055.275 9.0405e-17
5056.8 1.0256e-16
5058.325 1.0937e-16
5059.85 9.3329e-17
5061.375 7.4658e-17
5062.9 1.1307e-16
5064.425 9.507e-17
5065.95 9.3669e-17
5067.475 9.7019e-17
5069.0 1.0872e-16
5070.525 9.6334e-17
5072.05 9.4974e-17
5073.575 9.7413e-17
5075.1 1.0267e-16
5076.625 1.0096e-16
5078.15 1.0529e-16
5079.675 1.0238e-16
5081.2 9.4785e-17
5082.725 1.0755e-16
5084.25 9.6727e-17
5085.775 1.0002e-16
5087.3 9.3269e-17
5088.825 1.0171e-16
5090.35 1.0117e-16
5091.875 9.8679e-17
5093.4 9.4939e-17
5094.925 9.4221e-17
5096.45 9.3204e-17
5097.975 1.0266e-16
5099.5 1.0353e-16
5101.025 9.7826e-17
5102.55 1.0112e-16
5104.075 1.0676e-16
5105.6 1.1236e-16
5107.125 9.6454e-17
5108.65 1.0407e-16
5110.175 9.4484e-17
5111.7 9.3849e-17
5113.225 9.9156e-17
5114.75 9.1167e-17
5116.275 1.0072e-16
5117.8 9.9833e-17
5119.325 1.146e-16
5120.85 9.0357e-17
5122.375 9.3462e-17
5123.9 8.7043e-17
5125.425 8.2904e-17
5126.95 1.0049e-16
5128.475 1.0779e-16
5130.0 1.0142e-16
5131.525 1.0088e-16
5133.05 1.046e-16
5134.575 1.1044e-16
5136.1 9.2849e-17
5137.625 9.9252e-17
5139.15 9.6873e-17
5140.675 9.7718e-17
5142.2 1.016e-16
5143.725 1.0967e-16
5145.25 1.1601e-16
5146.775 1.068e-16
5148.3 1.0652e-16
5149.825 8.8008e-17
5151.35 1.0551e-16
5152.875 1.0656e-16
5154.4 1.0557e-16
5155.925 1.1708e-16
5157.45 1.1548e-16
5158.975 1.0397e-16
5160.5 1.0467e-16
5162.025 1.1485e-16
5163.55 1.2669e-16
5165.075 1.1766e-16
5166.6 1.0969e-16
5168.125 1.1704e-16
5169.65 1.1573e-16
5171.175 1.0279e-16
5172.7 1.0767e-16
5174.225 1.0836e-16
5175.75 1.1822e-16
5177.275 1.003e-16
5178.8 1.0283e-16
5180.325 1.0384e-16
5181.85 9.8437e-17
5183.375 1.0285e-16
5184.9 1.0973e-16
5186.425 1.0628e-16
5187.95 1.0946e-16
5189.475 1.1295e-16
5191.0 1.1367e-16
5192.525 1.133e-16
5194.05 1.2796e-16
5195.575 1.0965e-16
5197.1 1.0883e-16
5198.625 1.0447e-16
5200.15 1.0187e-16
5201.675 1.0904e-16
5203.2 1.0932e-16
5204.725 1.0154e-16
5206.25 1.0199e-16
5207.775 1.1526e-16
5209.3 1.1251e-16
5210.825 1.1561e-16
5212.35 1.1597e-16
5213.875 1.1102e-16
5215.4 9.7265e-17
5216.925 1.184e-16
5218.45 1.1507e-16
5219.975 1.0297e-16
5221.5 9.1534e-17
5223.025 1.0858e-16
5224.55 1.1765e-16
5226.075 1.0887e-16
5227.6 1.0874e-16
5229.125 9.9555e-17
5230.65 1.0126e-16
5232.175 1.109e-16
5233.7 1.1679e-16
5235.225 9.9704e-17
5236.75 1.0579e-16
5238.275 1.264e-16
5239.8 1.0651e-16
5241.325 9.3694e-17
5242.85 1.0986e-16
5244.375 1.0516e-16
5245.9 1.0537e-16
5247.425 1.0214e-16
5248.95 9.8763e-17
5250.475 1.0352e-16
5252.0 9.1953e-17
5253.525 1.045e-16
5255.05 1.0179e-16
5256.575 1.057e-16
5258.1 1.006e-16
5259.625 1.0752e-16
5261.15 1.065e-16
5262.675 9.6396e-17
5264.2 1.0335e-16
5265.725 1.0791e-16
5267.25 9.7042e-17
5268.775 7.5959e-17
5270.3 8.801e-17
5271.825 9.9102e-17
5273.35 8.5442e-17
5274.875 8.4026e-17
5276.4 8.4658e-17
5277.925 9.0219e-17
5279.45 1.0383e-16
5280.975 9.038e-17
5282.5 8.101e-17
5284.025 8.4755e-17
5285.55 8.5798e-17
5287.075 7.6541e-17
5288.6 8.3614e-17
5290.125 1.1398e-16
5291.65 8.4723e-17
5293.175 7.6748e-17
5294.7 8.4944e-17
5296.225 1.035e-16
5297.75 9.1394e-17
5299.275 8.9285e-17
5300.8 9.0433e-17
5302.325 9.3454e-17
5303.85 9.0685e-17
5305.375 8.7152e-17
5306.9 8.7131e-17
5308.425 1.0307e-16
5309.95 9.1195e-17
5311.475 9.4497e-17
5313.0 9.2701e-17
5314.525 8.2093e-17
5316.05 7.8196e-17
5317.575 8.8983e-17
5319.1 9.0258e-17
5320.625 8.1811e-17
5322.15 9.0119e-17
5323.675 8.523e-17
5325.2 8.0418e-17
5326.725 9.562e-17
5328.25 8.5751e-17
5329.775 9.5224e-17
5331.3 8.2926e-17
5332.825 8.1133e-17
5334.35 7.7176e-17
5335.875 8.4925e-17
5337.4 9.921e-17
5338.925 9.9389e-17
5340.45 8.9311e-17
5341.975 8.7205e-17
5343.5 9.3793e-17
5345.025 8.0411e-17
5346.55 8.201e-17
5348.075 8.8753e-17
5349.6 7.7711e-17
5351.125 9.1353e-17
5352.65 1.0248e-16
5354.175 8.2674e-17
5355.7 8.1258e-17
5357.225 7.9308e-17
5358.75 8.8787e-17
5360.275 7.8542e-17
5361.8 6.1194e-17
5363.325 7.8075e-17
5364.85 7.1053e-17
5366.375 9.0277e-17
5367.9 8.6566e-17
5369.425 6.6147e-17
5370.95 8.8107e-17
5372.475 7.8438e-17
5374.0 8.8257e-17
5375.525 7.6387e-17
5377.05 7.5822e-17
5378.575 7.5866e-17
5380.1 8.3966e-17
5381.625 8.8102e-17
5383.15 8.4092e-17
5384.675 9.1023e-17
5386.2 8.8114e-17
5387.725 8.6943e-17
5389.25 8.8996e-17
5390.775 1.0105e-16
5392.3 8.3254e-17
5393.825 8.5891e-17
5395.35 1.0174e-16
5396.875 9.2425e-17
5398.4 8.1732e-17
5399.925 9.5735e-17
5401.45 7.5636e-17
5402.975 5.7707e-17
5404.5 9.115e-17
5406.025 1.0246e-16
5407.55 9.0764e-17
5409.075 9.0481e-17
5410.6 8.1094e-17
5412.125 7.9291e-17
5413.65 9.4861e-17
5415.175 9.1156e-17
5416.7 9.3182e-17
5418.225 1.1443e-16
5419.75 1.1123e-16
5421.275 8.8214e-17
5422.8 9.1363e-17
5424.325 8.5687e-17
5425.85 1.0499e-16
5427.375 1.0257e-16
5428.9 1.0033e-16
5430.425 9.1837e-17
5431.95 8.4763e-17
5433.475 8.6126e-17
5435.0 1.0005e-16
5436.525 1.0129e-16
5438.05 9.7748e-17
5439.575 8.1989e-17
5441.1 6.7833e-17
5442.625 6.3447e-17
5444.15 8.1643e-17
5445.675 8.8285e-17
5447.2 8.3891e-17
5448.725 1.0595e-16
5450.25 1.2352e-16
5451.775 1.0256e-16
5453.3 9.2681e-17
5454.825 1.0692e-16
5456.35 1.0153e-16
5457.875 1.0194e-16
5459.4 1.2329e-16
5460.925 1.1851e-16
5462.45 1.2485e-16
5463.975 9.6253e-17
5465.5 7.8569e-17
5467.025 8.4024e-17
5468.55 9.0596e-17
5470.075 1.3053e-16
5471.6 9.1198e-17
5473.125 9.7034e-17
5474.65 1.174e-16
5476.175 1.225e-16
5477.7 7.474e-17
5479.225 1.0525e-16
5480.75 1.5234e-16
5482.275 1.1e-16
5483.8 7.8903e-17
5485.325 8.2703e-17
5486.85 8.5401e-17
5488.375 1.1524e-16
5489.9 9.8615e-17
5491.425 1.1314e-16
5492.95 9.1766e-17
5494.475 1.2837e-16
5496.0 1.1549e-16
5497.525 9.6153e-17
5499.05 9.4721e-17
5500.575 9.19e-17
5502.1 1.2347e-16
5503.625 8.5469e-17
5505.15 9.4434e-17
5506.675 1.0996e-16
5508.2 1.1814e-16
5509.725 1.3864e-16
5511.25 1.1115e-16
5512.775 1.1967e-16
5514.3 1.1974e-16
5515.825 1.4899e-16
5517.35 1.0863e-16
5518.875 1.3072e-16
5520.4 1.523e-16
5521.925 9.7072e-17
5523.45 1.0833e-16
5524.975 1.0528e-16
5526.5 1.2627e-16
5528.025 1.4859e-16
5529.55 1.273e-16
5531.075 1.1202e-16
5532.6 1.5033e-16
5534.125 1.317e-16
5535.65 1.0752e-16
5537.175 1.3469e-16
5538.7 1.2885e-16
5540.225 1.1567e-16
5541.75 1.5232e-16
5543.275 1.5916e-16
5544.8 1.3971e-16
5546.325 1.209e-16
5547.85 1.3763e-16
5549.375 1.4437e-16
5550.9 1.2404e-16
5552.425 1.3768e-16
5553.95 1.4134e-16
5555.475 1.5001e-16
5557.0 1.0469e-16
5558.525 1.0922e-16
5560.05 1.5732e-16
5561.575 1.1583e-16
5563.1 1.1608e-16
5564.625 1.5341e-16
5566.15 1.6625e-16
5567.675 1.159e-16
5569.2 1.1798e-16
5570.725 1.4155e-16
5572.25 1.1356e-16
5573.775 1.0802e-16
5575.3 1.233e-16
5576.825 1.5972e-16
5578.35 2.0755e-16
5579.875 9.8839e-17
5581.4 1.0853e-16
5582.925 1.0263e-16
5584.45 1.0414e-16
5585.975 1.0708e-16
5587.5 1.0487e-16
5589.025 1.0402e-16
5590.55 1.1919e-16
5592.075 1.1206e-16
5593.6 1.086e-16
5595.125 1.0796e-16
5596.65 1.0415e-16
5598.175 1.1217e-16
5599.7 1.2048e-16
5601.225 9.9294e-17
5602.75 9.0692e-17
5604.275 1.0064e-16
5605.8 1.1266e-16
5607.325 1.1734e-16
5608.85 1.0524e-16
5610.375 9.5254e-17
5611.9 9.393e-17
5613.425 9.3433e-17
5614.95 1.0025e-16
5616.475 1.1006e-16
5618.0 1.1742e-16
5619.525 1.0711e-16
5621.05 9.1737e-17
5622.575 9.6169e-17
5624.1 9.6264e-17
5625.625 1.0026e-16
5627.15 1.0968e-16
5628.675 1.1078e-16
5630.2 9.9246e-17
5631.725 8.5147e-17
5633.25 8.881e-17
5634.775 8.9826e-17
5636.3 9.2551e-17
5637.825 9.2394e-17
5639.35 7.9901e-17
5640.875 8.1382e-17
5642.4 8.7547e-17
5643.925 7.9766e-17
5645.45 8.5927e-17
5646.975 9.6179e-17
5648.5 8.265e-17
5650.025 7.0161e-17
5651.55 8.1427e-17
5653.075 8.6804e-17
5654.6 8.5793e-17
5656.125 8.3538e-17
5657.65 8.0861e-17
5659.175 7.5722e-17
5660.7 7.9374e-17
5662.225 9.4787e-17
5663.75 8.446e-17
5665.275 6.6814e-17
5666.8 6.9691e-17
5668.325 8.8657e-17
5669.85 8.7365e-17
5671.375 7.849e-17
5672.9 6.987e-17
5674.425 7.4063e-17
5675.95 8.8446e-17
5677.475 7.7465e-17
5679.0 7.0018e-17
5680.525 8.1776e-17
5682.05 9.3967e-17
5683.575 7.9595e-17
5685.1 7.2358e-17
5686.625 7.2475e-17
5688.15 7.1411e-17
5689.675 7.5826e-17
5691.2 8.1915e-17
5692.725 8.7173e-17
5694.25 8.5891e-17
5695.775 7.9777e-17
5697.3 7.898e-17
5698.825 7.6061e-17
5700.35 8.1752e-17
5701.875 7.9425e-17
5703.4 8.1999e-17
5704.925 7.4816e-17
5706.45 6.6648e-17
5707.975 7.6246e-17
5709.5 7.2563e-17
5711.025 6.3513e-17
5712.55 6.3608e-17
5714.075 7.3928e-17
5715.6 7.3425e-17
5717.125 6.799e-17
5718.65 7.0039e-17
5720.175 6.22e-17
5721.7 5.7984e-17
5723.225 6.156e-17
5724.75 6.9619e-17
5726.275 6.5659e-17
5727.8 6.399e-17
5729.325 6.5259e-17
5730.85 6.7904e-17
5732.375 7.4013e-17
5733.9 7.2589e-17
5735.425 6.8734e-17
5736.95 6.6941e-17
5738.475 6.6781e-17
5740.0 7.0318e-17
5741.525 6.7772e-17
5743.05 7.3411e-17
5744.575 6.6896e-17
5746.1 6.1779e-17
5747.625 5.8533e-17
5749.15 5.4818e-17
5750.675 5.5894e-17
5752.2 5.1712e-17
5753.725 5.8879e-17
5755.25 6.4224e-17
5756.775 6.897e-17
5758.3 7.6488e-17
5759.825 7.6586e-17
5761.35 7.2648e-17
5762.875 7.2846e-17
5764.4 7.6872e-17
5765.925 7.4367e-17
5767.45 6.6551e-17
5768.975 7.248e-17
5770.5 7.6266e-17
5772.025 6.7637e-17
5773.55 7.3613e-17
5775.075 7.2258e-17
5776.6 7.0015e-17
5778.125 7.1848e-17
5779.65 6.8596e-17
5781.175 6.3455e-17
5782.7 7.2998e-17
5784.225 7.4086e-17
5785.75 6.6115e-17
5787.275 7.4734e-17
5788.8 8.4615e-17
5790.325 9.1786e-17
5791.85 8.3811e-17
5793.375 7.6098e-17
5794.9 7.5735e-17
5796.425 7.77e-17
5797.95 7.5257e-17
5799.475 7.6087e-17
5801.0 7.5564e-17
5802.525 7.0893e-17
5804.05 7.585e-17
5805.575 8.626e-17
5807.1 8.704e-17
5808.625 7.9695e-17
5810.15 7.3089e-17
5811.675 8.1295e-17
5813.2 8.3669e-17
5814.725 7.9437e-17
5816.25 7.9574e-17
5817.775 7.6206e-17
5819.3 6.9506e-17
5820.825 7.0486e-17
5822.35 8.3134e-17
5823.875 8.762e-17
5825.4 7.9079e-17
5826.925 8.3717e-17
5828.45 8.52e-17
5829.975 7.949e-17
5831.5 7.6004e-17
5833.025 7.4349e-17
5834.55 7.8445e-17
5836.075 8.5368e-17
5837.6 8.5535e-17
5839.125 8.3427e-17
5840.65 7.7512e-17
5842.175 8.5535e-17
5843.7 1.0267e-16
5845.225 9.8217e-17
5846.75 8.7763e-17
5848.275 8.3829e-17
5849.8 8.6306e-17
5851.325 9.0728e-17
5852.85 9.141e-17
5854.375 9.5843e-17
5855.9 9.8737e-17
5857.425 8.3766e-17
5858.95 7.7438e-17
5860.475 8.501e-17
5862.0 8.3785e-17
5863.525 8.81e-17
5865.05 8.8001e-17
5866.575 8.8581e-17
5868.1 9.2246e-17
5869.625 9.0308e-17
5871.15 8.6382e-17
5872.675 8.8066e-17
5874.2 9.0689e-17
5875.725 9.27e-17
5877.25 8.9655e-17
5878.775 8.0659e-17
5880.3 7.5434e-17
5881.825 8.0818e-17
5883.35 8.5223e-17
5884.875 8.2995e-17
5886.4 8.6829e-17
5887.925 9.5681e-17
5889.45 9.0235e-17
5890.975 8.5023e-17
5892.5 8.5885e-17
5894.025 8.8757e-17
5895.55 7.2519e-17
5897.075 5.1045e-17
5898.6 6.3036e-17
5900.125 7.5425e-17
5901.65 7.2449e-17
5903.175 8.7257e-17
5904.7 9.4527e-17
5906.225 8.9072e-17
5907.75 8.0857e-17
5909.275 7.8421e-17
5910.8 7.7636e-17
5912.325 7.9208e-17
5913.85 9.0499e-17
5915.375 8.9019e-17
5916.9 8.3302e-17
5918.425 8.4771e-17
5919.95 8.764e-17
5921.475 8.5585e-17
5923.0 7.929e-17
5924.525 7.2879e-17
5926.05 8.3903e-17
5927.575 9.3638e-17
5929.1 8.5823e-17
5930.625 8.2748e-17
5932.15 8.8262e-17
5933.675 8.4766e-17
5935.2 8.4046e-17
5936.725 8.2102e-17
5938.25 7.5487e-17
5939.775 7.7936e-17
5941.3 8.265e-17
5942.825 8.1935e-17
5944.35 8.3073e-17
5945.875 8.5338e-17
5947.4 8.9471e-17
5948.925 8.9573e-17
5950.45 8.2492e-17
5951.975 7.8946e-17
5953.5 7.8542e-17
5955.025 8.0019e-17
5956.55 8.7591e-17
5958.075 8.7979e-17
5959.6 8.1589e-17
5961.125 8.3062e-17
5962.65 8.4231e-17
5964.175 8.1199e-17
5965.7 8.3276e-17
5967.225 8.7669e-17
5968.75 8.6007e-17
5970.275 7.6769e-17
5971.8 7.5242e-17
5973.325 7.9975e-17
5974.85 7.6865e-17
5976.375 7.3187e-17
5977.9 7.4269e-17
5979.425 7.9249e-17
5980.95 7.6132e-17
5982.475 6.8735e-17
5984.0 7.2536e-17
5985.525 7.7256e-17
5987.05 7.9632e-17
5988.575 7.9678e-17
5990.1 7.8253e-17
5991.625 7.8858e-17
5993.15 8.2958e-17
5994.675 8.0353e-17
5996.2 7.748e-17
5997.725 7.5221e-17
5999.25 6.8519e-17
6000.775 7.2195e-17
6002.3 7.8668e-17
6003.825 8.0393e-17
6005.35 8.2407e-17
6006.875 8.3444e-17
6008.4 8.6424e-17
6009.925 8.7758e-17
6011.45 7.6856e-17
6012.975 7.1717e-17
6014.5 7.6396e-17
6016.025 8.1618e-17
6017.55 8.6787e-17
6019.075 7.9946e-17
6020.6 7.5766e-17
6022.125 8.1091e-17
6023.65 8.2934e-17
6025.175 7.9812e-17
6026.7 7.7289e-17
6028.225 7.797e-17
6029.75 8.2268e-17
6031.275 8.1171e-17
6032.8 7.2018e-17
6034.325 6.8822e-17
6035.85 7.2775e-17
6037.375 7.3253e-17
6038.9 6.8233e-17
6040.425 6.821e-17
6041.95 7.2953e-17
6043.475 7.2286e-17
6045.0 6.9973e-17
6046.525 7.4211e-17
6048.05 7.6154e-17
6049.575 6.9147e-17
6051.1 6.9151e-17
6052.625 7.63e-17
6054.15 7.2933e-17
6055.675 7.3126e-17
6057.2 7.8478e-17
6058.725 7.4006e-17
6060.25 6.9769e-17
6061.775 7.3757e-17
6063.3 7.6743e-17
6064.825 7.4877e-17
6066.35 7.5132e-17
6067.875 7.4996e-17
6069.4 7.3486e-17
6070.925 6.8729e-17
6072.45 6.8742e-17
6073.975 7.5306e-17
6075.5 7.314e-17
6077.025 7.3636e-17
6078.55 7.4359e-17
6080.075 7.5354e-17
6081.6 7.1204e-17
6083.125 7.268e-17
6084.65 8.0559e-17
6086.175 7.477e-17
6087.7 6.7002e-17
6089.225 6.837e-17
6090.75 6.6903e-17
6092.275 7.1872e-17
6093.8 6.9061e-17
6095.325 6.2533e-17
6096.85 6.5486e-17
6098.375 6.316e-17
6099.9 6.3951e-17
6101.425 6.5612e-17
6102.95 6.1802e-17
6104.475 6.5519e-17
6106.0 7.5194e-17
6107.525 8.0209e-17
6109.05 7.3457e-17
6110.575 7.3428e-17
6112.1 7.7849e-17
6113.625 7.28e-17
6115.15 7.4777e-17
6116.675 7.6889e-17
6118.2 7.1087e-17
6119.725 7.2196e-17
6121.25 7.1984e-17
6122.775 7.254e-17
6124.3 7.1648e-17
6125.825 7.0747e-17
6127.35 7.1018e-17
6128.875 7.4611e-17
6130.4 7.4813e-17
6131.925 7.2856e-17
6133.45 7.844e-17
6134.975 7.2563e-17
6136.5 6.8356e-17
6138.025 7.3771e-17
6139.55 7.3177e-17
6141.075 7.2132e-17
6142.6 7.3423e-17
6144.125 7.8367e-17
6145.65 7.4717e-17
6147.175 6.5687e-17
6148.7 7.2268e-17
6150.225 7.3892e-17
6151.75 7.2488e-17
6153.275 8.2241e-17
6154.8 8.2188e-17
6156.325 7.9757e-17
6157.85 8.0746e-17
6159.375 8.0087e-17
6160.9 7.8882e-17
6162.425 8.1816e-17
6163.95 7.9488e-17
6165.475 7.3141e-17
6167.0 7.1083e-17
6168.525 7.3698e-17
6170.05 7.8583e-17
6171.575 8.1686e-17
6173.1 8.1836e-17
6174.625 8.0513e-17
6176.15 7.7491e-17
6177.675 7.6086e-17
6179.2 7.5419e-17
6180.725 7.8417e-17
6182.25 7.4273e-17
6183.775 7.5652e-17
6185.3 7.9968e-17
6186.825 7.3188e-17
6188.35 6.7142e-17
6189.875 6.5963e-17
6191.4 6.8837e-17
6192.925 7.1868e-17
6194.45 7.723e-17
6195.975 7.6431e-17
6197.5 7.1404e-17
6199.025 7.4493e-17
6200.55 8.2809e-17
6202.075 8.3599e-17
6203.6 7.9424e-17
6205.125 8.0322e-17
6206.65 8.9999e-17
6208.175 8.4041e-17
6209.7 7.5451e-17
6211.225 7.8954e-17
6212.75 7.987e-17
6214.275 7.5531e-17
6215.8 7.2539e-17
6217.325 7.7035e-17
6218.85 7.3523e-17
6220.375 6.4372e-17
6221.9 6.9875e-17
6223.425 7.2563e-17
6224.95 6.7009e-17
6226.475 7.2692e-17
6228.0 7.6583e-17
6229.525 7.2814e-17
6231.05 7.0785e-17
6232.575 7.4037e-17
6234.1 7.1999e-17
6235.625 7.5822e-17
6237.15 7.687e-17
6238.675 7.7874e-17
6240.2 8.0263e-17
6241.725 7.6622e-17
6243.25 7.3394e-17
6244.775 7.2431e-17
6246.3 7.2524e-17
6247.825 7.0476e-17
6249.35 6.7632e-17
6250.875 6.7918e-17
6252.4 7.1657e-17
6253.925 7.0894e-17
6255.45 6.4349e-17
6256.975 6.3333e-17
6258.5 6.6019e-17
6260.025 6.9733e-17
6261.55 6.9828e-17
6263.075 6.8682e-17
6264.6 7.0099e-17
6266.125 7.1676e-17
6267.65 7.1295e-17
6269.175 7.0427e-17
6270.7 7.6003e-17
6272.225 7.4158e-17
6273.75 6.5747e-17
6275.275 6.6643e-17
6276.8 6.6721e-17
6278.325 6.4116e-17
6279.85 6.0201e-17
6281.375 6.3663e-17
6282.9 7.0135e-17
6284.425 7.0052e-17
6285.95 6.8856e-17
6287.475 7.1633e-17
6289.0 7.6852e-17
6290.525 7.1563e-17
6292.05 6.9506e-17
6293.575 7.7601e-17
6295.1 7.7271e-17
6296.625 6.7197e-17
6298.15 7.1986e-17
6299.675 7.5105e-17
6301.2 6.6752e-17
6302.725 7.8289e-17
6304.25 8.7641e-17
6305.775 8.0117e-17
6307.3 6.8172e-17
6308.825 6.4051e-17
6310.35 6.2347e-17
6311.875 6.3349e-17
6313.4 6.652e-17
6314.925 6.806e-17
6316.45 7.0785e-17
6317.975 7.3233e-17
6319.5 6.5979e-17
6321.025 6.136e-17
6322.55 7.0018e-17
6324.075 7.0177e-17
6325.6 7.0238e-17
6327.125 6.7337e-17
6328.65 7.1474e-17
6330.175 7.9089e-17
6331.7 7.5533e-17
6333.225 6.3677e-17
6334.75 6.1395e-17
6336.275 7.3147e-17
6337.8 7.9158e-17
6339.325 7.4859e-17
6340.85 7.5087e-17
6342.375 7.2441e-17
6343.9 6.9153e-17
6345.425 7.0436e-17
6346.95 7.1876e-17
6348.475 7.255e-17
6350.0 7.3773e-17
6351.525 7.5997e-17
6353.05 7.0716e-17
6354.575 6.7677e-17
6356.1 6.9243e-17
6357.625 7.2625e-17
6359.15 7.1223e-17
6360.675 7.0894e-17
6362.2 7.5367e-17
6363.725 7.3017e-17
6365.25 6.4686e-17
6366.775 6.1909e-17
6368.3 6.1561e-17
6369.825 5.9177e-17
6371.35 6.409e-17
6372.875 6.9108e-17
6374.4 6.8281e-17
6375.925 6.5364e-17
6377.45 7.261e-17
6378.975 6.9988e-17
6380.5 6.635e-17
6382.025 6.4362e-17
6383.55 7.0532e-17
6385.075 7.4976e-17
6386.6 7.6542e-17
6388.125 7.0527e-17
6389.65 6.607e-17
6391.175 7.1378e-17
6392.7 7.1698e-17
6394.225 7.384e-17
6395.75 7.7082e-17
6397.275 7.5447e-17
6398.8 7.0744e-17
6400.325 7.5944e-17
6401.85 7.4721e-17
6403.375 7.1841e-17
6404.9 7.5603e-17
6406.425 7.1601e-17
6407.95 7.0277e-17
6409.475 7.2937e-17
6411.0 7.0727e-17
6412.525 7.09e-17
6414.05 6.9679e-17
6415.575 6.3824e-17
6417.1 6.4889e-17
6418.625 6.9785e-17
6420.15 7.0915e-17
6421.675 6.9855e-17
6423.2 6.7579e-17
6424.725 6.8442e-17
6426.25 6.7862e-17
6427.775 6.6769e-17
6429.3 6.9857e-17
6430.825 7.1291e-17
6432.35 7.2878e-17
6433.875 7.0785e-17
6435.4 7.4205e-17
6436.925 6.9474e-17
6438.45 6.6017e-17
6439.975 7.1794e-17
6441.5 7.4261e-17
6443.025 7.0218e-17
6444.55 7.013e-17
6446.075 6.9855e-17
6447.6 6.2529e-17
6449.125 6.4359e-17
6450.65 6.9482e-17
6452.175 6.8415e-17
6453.7 6.6239e-17
6455.225 6.7273e-17
6456.75 6.7148e-17
6458.275 6.476e-17
6459.8 6.8102e-17
6461.325 6.8511e-17
6462.85 6.9596e-17
6464.375 7.2071e-17
6465.9 6.989e-17
6467.425 6.8284e-17
6468.95 6.8911e-17
6470.475 6.6532e-17
6472.0 6.6613e-17
6473.525 7.2866e-17
6475.05 7.5239e-17
6476.575 7.156e-17
6478.1 6.8914e-17
6479.625 7.0172e-17
6481.15 7.3808e-17
6482.675 7.1857e-17
6484.2 6.7022e-17
6485.725 7.0122e-17
6487.25 7.1235e-17
6488.775 6.9679e-17
6490.3 7.0142e-17
6491.825 6.9044e-17
6493.35 6.7114e-17
6494.875 6.8676e-17
6496.4 7.4716e-17
6497.925 7.588e-17
6499.45 6.7183e-17
6500.975 6.9608e-17
6502.5 8.0038e-17
6504.025 8.3284e-17
6505.55 7.6726e-17
6507.075 6.7741e-17
6508.6 6.7666e-17
6510.125 7.1522e-17
6511.65 6.7618e-17
6513.175 6.4083e-17
6514.7 6.622e-17
6516.225 7.1224e-17
6517.75 7.3983e-17
6519.275 7.0793e-17
6520.8 6.6746e-17
6522.325 6.5169e-17
6523.85 6.3481e-17
6525.375 6.395e-17
6526.9 6.8667e-17
6528.425 7.2638e-17
6529.95 7.5468e-17
6531.475 8.1506e-17
6533.0 8.0204e-17
6534.525 6.7622e-17
6536.05 6.2906e-17
6537.575 7.2605e-17
6539.1 7.7164e-17
6540.625 7.5957e-17
6542.15 7.198e-17
6543.675 7.0416e-17
6545.2 7.5154e-17
6546.725 7.4169e-17
6548.25 7.0209e-17
6549.775 7.2906e-17
6551.3 7.57e-17
6552.825 7.795e-17
6554.35 7.6743e-17
6555.875 6.8587e-17
6557.4 6.2987e-17
6558.925 6.703e-17
6560.45 7.4754e-17
6561.975 7.7666e-17
6563.5 7.2352e-17
6565.025 7.1155e-17
6566.55 7.4068e-17
6568.075 7.103e-17
6569.6 7.1477e-17
6571.125 7.2788e-17
6572.65 7.0619e-17
6574.175 7.2049e-17
6575.7 7.2018e-17
6577.225 6.8576e-17
6578.75 6.9496e-17
6580.275 7.3436e-17
6581.8 7.3911e-17
6583.325 6.8398e-17
6584.85 6.5696e-17
6586.375 6.6279e-17
6587.9 6.7222e-17
6589.425 6.9543e-17
6590.95 6.7644e-17
6592.475 7.1687e-17
6594.0 7.76e-17
6595.525 7.2476e-17
6597.05 6.9536e-17
6598.575 7.0302e-17
6600.1 6.6448e-17
6601.625 6.5261e-17
6603.15 6.8113e-17
6604.675 7.07e-17
6606.2 7.1293e-17
6607.725 7.3344e-17
6609.25 7.4872e-17
6610.775 7.3973e-17
6612.3 7.0848e-17
6613.825 6.5387e-17
6615.35 6.7558e-17
6616.875 6.9401e-17
6618.4 6.2694e-17
6619.925 6.2028e-17
6621.45 6.6498e-17
6622.975 6.6589e-17
6624.5 6.3849e-17
6626.025 6.5718e-17
6627.55 6.6343e-17
6629.075 6.6857e-17
6630.6 6.8827e-17
6632.125 6.5463e-17
6633.65 6.2576e-17
6635.175 6.7101e-17
6636.7 7.0484e-17
6638.225 6.6197e-17
6639.75 6.1458e-17
6641.275 6.1198e-17
6642.8 6.4858e-17
6644.325 6.6286e-17
6645.85 6.9045e-17
6647.375 7.3873e-17
6648.9 7.3078e-17
6650.425 6.9883e-17
6651.95 6.5426e-17
6653.475 6.5385e-17
6655.0 6.921e-17
6656.525 7.0871e-17
6658.05 6.7383e-17
6659.575 6.673e-17
6661.1 6.8023e-17
6662.625 6.5276e-17
6664.15 6.6979e-17
6665.675 7.0529e-17
6667.2 6.6789e-17
6668.725 6.2319e-17
6670.25 6.6299e-17
6671.775 6.8766e-17
6673.3 6.3305e-17
6674.825 6.3814e-17
6676.35 6.6223e-17
6677.875 6.2451e-17
6679.4 6.183e-17
6680.925 6.2265e-17
6682.45 6.4946e-17
6683.975 6.6413e-17
6685.5 6.5103e-17
6687.025 6.1289e-17
6688.55 6.0489e-17
6690.075 6.3659e-17
6691.6 6.7211e-17
6693.125 6.6239e-17
6694.65 6.3854e-17
6696.175 6.1717e-17
6697.7 6.2181e-17
6699.225 6.5852e-17
6700.75 6.6417e-17
6702.275 6.5636e-17
6703.8 6.798e-17
6705.325 6.175e-17
6706.85 5.5814e-17
6708.375 5.9912e-17
6709.9 5.9526e-17
6711.425 5.6988e-17
6712.95 5.6925e-17
6714.475 6.2384e-17
6716.0 6.753e-17
6717.525 6.4421e-17
6719.05 6.3286e-17
6720.575 6.4879e-17
6722.1 6.1477e-17
6723.625 6.1061e-17
6725.15 6.1393e-17
6726.675 6.1016e-17
6728.2 6.4346e-17
6729.725 6.7584e-17
6731.25 6.7412e-17
6732.775 6.2886e-17
6734.3 5.7387e-17
6735.825 5.7578e-17
6737.35 5.9248e-17
6738.875 6.1307e-17
6740.4 6.1429e-17
6741.925 5.9506e-17
6743.45 5.9644e-17
6744.975 6.1026e-17
6746.5 5.9568e-17
6748.025 6.1691e-17
6749.55 6.0519e-17
6751.075 5.7239e-17
6752.6 5.9284e-17
6754.125 6.2818e-17
6755.65 6.2685e-17
6757.175 6.516e-17
6758.7 6.6446e-17
6760.225 6.5933e-17
6761.75 6.1408e-17
6763.275 6.3418e-17
6764.8 6.6487e-17
6766.325 6.0252e-17
6767.85 5.9304e-17
6769.375 5.961e-17
6770.9 5.8317e-17
6772.425 6.1945e-17
6773.95 6.7402e-17
6775.475 6.7321e-17
6777.0 6.0683e-17
6778.525 5.9355e-17
6780.05 6.2044e-17
6781.575 6.4799e-17
6783.1 6.6243e-17
6784.625 6.178e-17
6786.15 6.122e-17
6787.675 6.3183e-17
6789.2 6.2892e-17
6790.725 6.4777e-17
6792.25 6.4336e-17
6793.775 6.1799e-17
6795.3 6.0382e-17
6796.825 6.5028e-17
6798.35 6.5376e-17
6799.875 6.4549e-17
6801.4 6.869e-17
6802.925 7.1442e-17
6804.45 6.5415e-17
6805.975 5.928e-17
6807.5 5.8949e-17
6809.025 6.2203e-17
6810.55 6.4037e-17
6812.075 6.3174e-17
6813.6 6.3021e-17
6815.125 6.1717e-17
6816.65 5.8797e-17
6818.175 5.9496e-17
6819.7 6.2745e-17
6821.225 6.3018e-17
6822.75 6.3128e-17
6824.275 6.3687e-17
6825.8 6.1576e-17
6827.325 5.7225e-17
6828.85 5.6774e-17
6830.375 6.0785e-17
6831.9 6.3867e-17
6833.425 6.6675e-17
6834.95 6.4769e-17
6836.475 6.0032e-17
6838.0 5.8192e-17
6839.525 6.0053e-17
6841.05 6.3047e-17
6842.575 6.7696e-17
6844.1 6.4376e-17
6845.625 5.6466e-17
6847.15 6.0012e-17
6848.675 6.6658e-17
6850.2 6.5145e-17
6851.725 6.0648e-17
6853.25 5.9413e-17
6854.775 5.759e-17
6856.3 5.5763e-17
6857.825 5.3483e-17
6859.35 5.5494e-17
6860.875 6.2735e-17
6862.4 5.873e-17
6863.925 4.9959e-17
6865.45 4.9913e-17
6866.975 4.6819e-17
6868.5 4.1531e-17
6870.025 4.1191e-17
6871.55 4.727e-17
6873.075 4.9327e-17
6874.6 4.6355e-17
6876.125 4.9018e-17
6877.65 5.6104e-17
6879.175 5.8335e-17
6880.7 5.6134e-17
6882.225 5.373e-17
6883.75 5.1349e-17
6885.275 5.3535e-17
6886.8 5.4163e-17
6888.325 5.17e-17
6889.85 5.0354e-17
6891.375 5.1469e-17
6892.9 5.3348e-17
6894.425 5.3236e-17
6895.95 5.6104e-17
6897.475 5.4798e-17
6899.0 4.8557e-17
6900.525 4.7983e-17
6902.05 5.2847e-17
6903.575 5.2595e-17
6905.1 5.3404e-17
6906.625 5.3066e-17
6908.15 5.3718e-17
6909.675 5.526e-17
6911.2 5.2891e-17
6912.725 5.4769e-17
6914.25 5.8846e-17
6915.775 6.0118e-17
6917.3 5.8665e-17
6918.825 5.7632e-17
6920.35 5.4764e-17
6921.875 4.9827e-17
6923.4 5.2347e-17
6924.925 5.529e-17
6926.45 5.2933e-17
6927.975 5.0989e-17
6929.5 5.3608e-17
6931.025 5.8364e-17
6932.55 5.6728e-17
6934.075 5.0807e-17
6935.6 4.7213e-17
6937.125 5.0198e-17
6938.65 5.4972e-17
6940.175 5.3122e-17
6941.7 4.9367e-17
6943.225 5.1761e-17
6944.75 5.6407e-17
6946.275 5.8364e-17
6947.8 5.2528e-17
6949.325 4.7329e-17
6950.85 5.1417e-17
6952.375 5.368e-17
6953.9 5.5004e-17
6955.425 5.4178e-17
6956.95 5.4422e-17
6958.475 5.5332e-17
6960.0 5.1517e-17
6961.525 5.0042e-17
6963.05 5.3085e-17
6964.575 5.6315e-17
6966.1 5.4083e-17
6967.625 4.9547e-17
6969.15 4.5493e-17
6970.675 4.4352e-17
6972.2 4.7808e-17
6973.725 5.1842e-17
6975.25 5.5445e-17
6976.775 5.5606e-17
6978.3 5.531e-17
6979.825 5.3051e-17
6981.35 5.081e-17
6982.875 5.4999e-17
6984.4 5.5569e-17
6985.925 5.3811e-17
6987.45 5.1196e-17
6988.975 5.029e-17
6990.5 5.3889e-17
6992.025 5.6993e-17
6993.55 5.1721e-17
6995.075 4.7488e-17
6996.6 4.9201e-17
6998.125 4.8472e-17
6999.65 4.9278e-17
7001.175 5.1617e-17
7002.7 4.9716e-17
7004.225 4.887e-17
7005.75 5.3814e-17
7007.275 5.4116e-17
7008.8 4.7219e-17
7010.325 4.5142e-17
7011.85 4.8012e-17
7013.375 5.0138e-17
7014.9 4.959e-17
7016.425 4.7972e-17
7017.95 4.9042e-17
7019.475 5.3242e-17
7021.0 5.3459e-17
7022.525 4.8165e-17
7024.05 4.6925e-17
7025.575 4.7934e-17
7027.1 4.6977e-17
7028.625 4.9158e-17
7030.15 5.1101e-17
7031.675 5.1904e-17
7033.2 5.2744e-17
7034.725 5.1289e-17
7036.25 4.954e-17
7037.775 4.9236e-17
7039.3 5.0189e-17
7040.825 4.9449e-17
7042.35 5.0361e-17
7043.875 5.1954e-17
7045.4 5.0184e-17
7046.925 4.8276e-17
7048.45 5.0393e-17
7049.975 4.9374e-17
7051.5 4.8277e-17
7053.025 4.9677e-17
7054.55 4.9595e-17
7056.075 4.808e-17
7057.6 4.7441e-17
7059.125 5.0454e-17
7060.65 5.0472e-17
7062.175 5.1571e-17
7063.7 5.404e-17
7065.225 4.9289e-17
7066.75 4.8043e-17
7068.275 5.3077e-17
7069.8 5.5565e-17
7071.325 5.5299e-17
7072.85 5.4072e-17
7074.375 5.5738e-17
7075.9 5.6642e-17
7077.425 5.4007e-17
7078.95 5.2645e-17
7080.475 5.3946e-17
7082.0 5.6139e-17
7083.525 5.6768e-17
7085.05 5.7637e-17
7086.575 5.6428e-17
7088.1 5.0676e-17
7089.625 4.8599e-17
7091.15 5.1038e-17
7092.675 4.943e-17
7094.2 4.8139e-17
7095.725 4.9406e-17
7097.25 4.7565e-17
7098.775 4.9971e-17
7100.3 5.245e-17
7101.825 5.3025e-17
7103.35 5.8134e-17
7104.875 5.6526e-17
7106.4 5.1826e-17
7107.925 5.4439e-17
7109.45 5.6332e-17
7110.975 5.2065e-17
7112.5 4.9916e-17
7114.025 4.9249e-17
7115.55 5.2459e-17
7117.075 5.6202e-17
7118.6 5.748e-17
7120.125 5.7056e-17
7121.65 5.2049e-17
7123.175 5.2651e-17
7124.7 5.5944e-17
7126.225 5.3515e-17
7127.75 5.048e-17
7129.275 5.2939e-17
7130.8 5.5146e-17
7132.325 5.5262e-17
7133.85 5.7129e-17
7135.375 5.8124e-17
7136.9 5.436e-17
7138.425 5.3775e-17
7139.95 5.567e-17
7141.475 5.4284e-17
7143.0 5.6999e-17
7144.525 6.0472e-17
7146.05 5.9471e-17
7147.575 5.3538e-17
7149.1 5.0715e-17
7150.625 5.6065e-17
7152.15 5.5493e-17
7153.675 5.5948e-17
7155.2 5.5473e-17
7156.725 5.1077e-17
7158.25 4.9152e-17
7159.775 4.6891e-17
7161.3 4.7831e-17
7162.825 4.9073e-17
7164.35 5.0572e-17
7165.875 5.1702e-17
7167.4 5.0407e-17
7168.925 4.8678e-17
7170.45 4.8656e-17
7171.975 4.7899e-17
7173.5 5.0568e-17
7175.025 5.164e-17
7176.55 4.6925e-17
7178.075 4.7544e-17
7179.6 5.0752e-17
7181.125 4.9571e-17
7182.65 4.8021e-17
7184.175 4.6876e-17
7185.7 4.4694e-17
7187.225 4.6728e-17
7188.75 5.0604e-17
7190.275 4.6685e-17
7191.8 4.7557e-17
7193.325 4.8304e-17
7194.85 4.9435e-17
7196.375 4.867e-17
7197.9 4.5412e-17
7199.425 4.5565e-17
7200.95 4.8994e-17
7202.475 5.177e-17
7204.0 4.9689e-17
7205.525 4.7717e-17
7207.05 4.7744e-17
7208.575 4.7152e-17
7210.1 4.7578e-17
7211.625 5.0405e-17
7213.15 5.1741e-17
7214.675 5.3082e-17
7216.2 5.1706e-17
7217.725 4.7511e-17
7219.25 4.8247e-17
7220.775 5.0458e-17
7222.3 4.9656e-17
7223.825 5.1205e-17
7225.35 5.2936e-17
7226.875 4.9742e-17
7228.4 4.9138e-17
7229.925 5.006e-17
7231.45 4.9465e-17
7232.975 4.6272e-17
7234.5 4.5979e-17
7236.025 5.4189e-17
7237.55 5.7851e-17
7239.075 5.3236e-17
7240.6 5.2066e-17
7242.125 5.4539e-17
7243.65 5.2016e-17
7245.175 4.3973e-17
7246.7 4.0178e-17
7248.225 4.3658e-17
7249.75 4.7004e-17
7251.275 4.8393e-17
7252.8 4.7379e-17
7254.325 4.9044e-17
7255.85 5.3009e-17
7257.375 5.0564e-17
7258.9 4.5267e-17
7260.425 4.3463e-17
7261.95 4.6822e-17
7263.475 4.7019e-17
7265.0 4.6582e-17
7266.525 4.9119e-17
7268.05 4.6778e-17
7269.575 4.2476e-17
7271.1 4.0733e-17
7272.625 4.6232e-17
7274.15 4.8835e-17
7275.675 4.801e-17
7277.2 4.9792e-17
7278.725 5.0519e-17
7280.25 4.7391e-17
7281.775 4.7583e-17
7283.3 4.9369e-17
7284.825 4.8773e-17
7286.35 4.6574e-17
7287.875 4.9991e-17
7289.4 5.1346e-17
7290.925 4.6445e-17
7292.45 4.3581e-17
7293.975 4.6401e-17
7295.5 5.389e-17
7297.025 5.5712e-17
7298.55 4.9278e-17
7300.075 4.479e-17
7301.6 4.6422e-17
7303.125 5.131e-17
7304.65 5.3685e-17
7306.175 4.602e-17
7307.7 4.7331e-17
7309.225 4.9897e-17
7310.75 4.9497e-17
7312.275 5.1682e-17
7313.8 5.0791e-17
7315.325 4.6545e-17
7316.85 4.8722e-17
7318.375 5.1562e-17
7319.9 5.2292e-17
7321.425 5.2897e-17
7322.95 5.1892e-17
7324.475 5.0641e-17
7326.0 4.9682e-17
7327.525 5.0505e-17
7329.05 5.15e-17
7330.575 5.3635e-17
7332.1 5.5545e-17
7333.625 5.2747e-17
7335.15 4.9934e-17
7336.675 5.7508e-17
7338.2 5.4954e-17
7339.725 5.0741e-17
7341.25 5.5273e-17
7342.775 5.0898e-17
7344.3 4.5191e-17
7345.825 4.9804e-17
7347.35 5.1437e-17
7348.875 5.1778e-17
7350.4 5.407e-17
7351.925 5.2806e-17
7353.45 5.3572e-17
7354.975 5.6153e-17
7356.5 5.5729e-17
7358.025 5.6205e-17
7359.55 5.1435e-17
7361.075 4.7998e-17
7362.6 4.972e-17
7364.125 5.3908e-17
7365.65 5.7842e-17
7367.175 5.0656e-17
7368.7 4.645e-17
7370.225 4.9067e-17
7371.75 4.6415e-17
7373.275 4.4988e-17
7374.8 4.7443e-17
7376.325 4.8463e-17
7377.85 4.9416e-17
7379.375 4.969e-17
7380.9 5.0849e-17
7382.425 5.0829e-17
7383.95 4.9736e-17
7385.475 5.153e-17
7387.0 5.209e-17
7388.525 5.2651e-17
7390.05 5.2549e-17
7391.575 5.1337e-17
7393.1 5.2471e-17
7394.625 5.1613e-17
7396.15 4.9622e-17
7397.675 5.2902e-17
7399.2 5.4625e-17
7400.725 5.1035e-17
7402.25 4.9406e-17
7403.775 4.8932e-17
7405.3 4.8368e-17
7406.825 4.8364e-17
7408.35 4.9534e-17
7409.875 5.3311e-17
7411.4 5.4991e-17
7412.925 5.3505e-17
7414.45 5.4582e-17
7415.975 5.295e-17
7417.5 4.9325e-17
7419.025 4.8324e-17
7420.55 5.0736e-17
7422.075 5.3157e-17
7423.6 5.2968e-17
7425.125 5.4644e-17
7426.65 5.5378e-17
7428.175 5.0492e-17
7429.7 4.7624e-17
7431.225 4.9943e-17
7432.75 5.0526e-17
7434.275 5.2771e-17
7435.8 5.5521e-17
7437.325 5.4668e-17
7438.85 4.8054e-17
7440.375 4.4393e-17
7441.9 4.8114e-17
7443.425 5.1885e-17
7444.95 5.2796e-17
7446.475 5.3609e-17
7448.0 5.2588e-17
7449.525 5.1659e-17
7451.05 5.1637e-17
7452.575 5.1437e-17
7454.1 5.0709e-17
7455.625 5.0981e-17
7457.15 5.2541e-17
7458.675 5.1897e-17
7460.2 4.7156e-17
7461.725 4.3532e-17
7463.25 4.4233e-17
7464.775 4.6291e-17
7466.3 5.1107e-17
7467.825 5.1453e-17
7469.35 4.7421e-17
7470.875 4.4289e-17
7472.4 4.6147e-17
7473.925 5.0284e-17
7475.45 5.4565e-17
7476.975 5.2037e-17
7478.5 4.9335e-17
7480.025 5.5514e-17
7481.55 4.9923e-17
7483.075 4.2826e-17
7484.6 4.5808e-17
7486.125 4.9361e-17
7487.65 4.8735e-17
7489.175 4.4798e-17
7490.7 4.2888e-17
7492.225 4.6393e-17
7493.75 5.146e-17
7495.275 5.0283e-17
7496.8 5.2308e-17
7498.325 5.4327e-17
7499.85 4.5543e-17
7501.375 4.3976e-17
7502.9 5.126e-17
7504.425 5.1641e-17
7505.95 4.4117e-17
7507.475 4.3819e-17
7509.0 4.893e-17
7510.525 5.0102e-17
7512.05 4.9231e-17
7513.575 4.8531e-17
7515.1 4.7618e-17
7516.625 4.5539e-17
7518.15 4.3731e-17
7519.675 4.8917e-17
7521.2 5.4683e-17
7522.725 4.8282e-17
7524.25 3.948e-17
7525.775 4.0749e-17
7527.3 4.2562e-17
7528.825 4.4514e-17
7530.35 4.6828e-17
7531.875 4.3528e-17
7533.4 4.0663e-17
7534.925 4.2041e-17
7536.45 4.456e-17
7537.975 4.6548e-17
7539.5 4.483e-17
7541.025 4.2e-17
7542.55 4.4262e-17
7544.075 4.743e-17
7545.6 4.8237e-17
7547.125 4.7358e-17
7548.65 4.4671e-17
7550.175 4.2623e-17
7551.7 4.2564e-17
7553.225 4.344e-17
7554.75 4.345e-17
7556.275 4.5364e-17
7557.8 4.5602e-17
7559.325 4.1275e-17
7560.85 4.2758e-17
7562.375 4.4608e-17
7563.9 4.2898e-17
7565.425 4.5137e-17
7566.95 4.6691e-17
7568.475 4.4783e-17
7570.0 4.6254e-17
7571.525 4.9654e-17
7573.05 4.4916e-17
7574.575 3.7595e-17
7576.1 4.022e-17
7577.625 4.5523e-17
7579.15 4.4714e-17
7580.675 3.9404e-17
7582.2 3.7497e-17
7583.725 3.82e-17
7585.25 3.8395e-17
7586.775 3.6807e-17
7588.3 3.5013e-17
7589.825 3.5484e-17
7591.35 3.3216e-17
7592.875 2.853e-17
7594.4 2.3537e-17
7595.925 1.697e-17
7597.45 1.3674e-17
7598.975 1.2185e-17
7600.5 1.2401e-17
7602.025 1.2252e-17
7603.55 5.4187e-18
7605.075 4.5948e-18
7606.6 1.0243e-17
7608.125 1.488e-17
7609.65 1.4566e-17
7611.175 1.808e-17
7612.7 2.3376e-17
7614.225 2.7994e-17
7615.75 3.0194e-17
7617.275 2.6264e-17
7618.8 2.3898e-17
7620.325 2.4144e-17
7621.85 2.3029e-17
7623.375 2.1206e-17
7624.9 1.9034e-17
7626.425 1.6191e-17
7627.95 1.9096e-17
7629.475 2.263e-17
7631.0 2.3067e-17
7632.525 2.0944e-17
7634.05 2.2953e-17
7635.575 2.5459e-17
7637.1 2.2382e-17
7638.625 2.2009e-17
7640.15 2.637e-17
7641.675 2.8826e-17
7643.2 2.6916e-17
7644.725 2.6223e-17
7646.25 2.8951e-17
7647.775 3.2423e-17
7649.3 3.6626e-17
7650.825 3.5039e-17
7652.35 2.9199e-17
7653.875 3.1025e-17
7655.4 3.272e-17
7656.925 3.1766e-17
7658.45 3.6899e-17
7659.975 3.8599e-17
7661.5 3.3689e-17
7663.025 3.5081e-17
7664.55 3.7604e-17
7666.075 3.3396e-17
7667.6 3.0812e-17
7669.125 3.5163e-17
7670.65 4.2554e-17
7672.175 4.1274e-17
7673.7 3.7693e-17
7675.225 3.9109e-17
7676.75 3.94e-17
7678.275 3.8225e-17
7679.8 4.1137e-17
7681.325 4.5426e-17
7682.85 4.3861e-17
7684.375 4.1568e-17
7685.9 4.1532e-17
7687.425 4.1138e-17
7688.95 4.0302e-17
7690.475 4.1989e-17
7692.0 4.441e-17
7693.525 4.5078e-17
7695.05 4.5223e-17
7696.575 4.5033e-17
7698.1 4.5282e-17
7699.625 4.2729e-17
7701.15 4.1916e-17
7702.675 4.4298e-17
7704.2 4.7464e-17
7705.725 4.6919e-17
7707.25 4.3733e-17
7708.775 4.6641e-17
7710.3 4.9869e-17
7711.825 4.8428e-17
7713.35 4.734e-17
7714.875 4.6011e-17
7716.4 4.926e-17
7717.925 5.0633e-17
7719.45 4.0733e-17
7720.975 3.9733e-17
7722.5 4.3963e-17
7724.025 4.3753e-17
7725.55 4.5608e-17
7727.075 4.6143e-17
7728.6 4.4442e-17
7730.125 4.1684e-17
7731.65 4.1954e-17
7733.175 4.281e-17
7734.7 4.2413e-17
7736.225 4.1193e-17
7737.75 4.47e-17
7739.275 4.2757e-17
7740.8 4.0488e-17
7742.325 4.4528e-17
7743.85 4.4549e-17
7745.375 5.049e-17
7746.9 5.6944e-17
7748.425 4.8945e-17
7749.95 4.1925e-17
7751.475 4.348e-17
7753.0 4.0471e-17
7754.525 3.5242e-17
7756.05 3.9635e-17
7757.575 4.2224e-17
7759.1 4.3577e-17
7760.625 4.3339e-17
7762.15 4.174e-17
7763.675 4.2306e-17
7765.2 4.6909e-17
7766.725 4.4694e-17
7768.25 4.092e-17
7769.775 4.2002e-17
7771.3 4.5458e-17
7772.825 4.5177e-17
7774.35 4.4068e-17
7775.875 3.9716e-17
7777.4 3.818e-17
7778.925 4.3908e-17
7780.45 4.5199e-17
7781.975 4.105e-17
7783.5 3.6748e-17
7785.025 3.7189e-17
7786.55 4.0304e-17
7788.075 3.9128e-17
7789.6 3.4642e-17
7791.125 3.8973e-17
7792.65 4.3791e-17
7794.175 3.8025e-17
7795.7 3.6435e-17
7797.225 3.797e-17
7798.75 3.6498e-17
7800.275 3.6647e-17
7801.8 3.7606e-17
7803.325 3.8216e-17
7804.85 4.3339e-17
7806.375 4.3653e-17
7807.9 3.6717e-17
7809.425 3.385e-17
7810.95 3.3419e-17
7812.475 3.7641e-17
7814.0 3.8673e-17
7815.525 3.2673e-17
7817.05 3.8781e-17
7818.575 4.5469e-17
7820.1 3.9003e-17
7821.625 3.8293e-17
7823.15 3.8071e-17
7824.675 3.2506e-17
7826.2 3.0095e-17
7827.725 3.2087e-17
7829.25 3.4496e-17
7830.775 4.0136e-17
7832.3 4.1276e-17
7833.825 4.1653e-17
7835.35 4.6397e-17
7836.875 4.6373e-17
7838.4 4.3719e-17
7839.925 4.3361e-17
7841.45 3.9567e-17
7842.975 3.6217e-17
7844.5 3.9607e-17
7846.025 4.0332e-17
7847.55 4.4281e-17
7849.075 4.8773e-17
7850.6 4.4596e-17
7852.125 3.3086e-17
7853.65 3.479e-17
7855.175 4.2347e-17
7856.7 4.1845e-17
7858.225 4.1116e-17
7859.75 3.8718e-17
7861.275 3.9055e-17
7862.8 4.2277e-17
7864.325 4.6422e-17
7865.85 4.9003e-17
7867.375 4.6254e-17
7868.9 3.7206e-17
7870.425 3.7654e-17
7871.95 3.9121e-17
7873.475 3.5013e-17
7875.0 3.8482e-17
7876.525 4.1716e-17
7878.05 3.926e-17
7879.575 3.4679e-17
7881.1 3.4052e-17
7882.625 3.1314e-17
7884.15 2.8365e-17
7885.675 3.0858e-17
7887.2 3.879e-17
7888.725 4.0787e-17
7890.25 3.4954e-17
7891.775 2.9509e-17
7893.3 3.0248e-17
7894.825 3.5824e-17
7896.35 3.6089e-17
7897.875 2.9817e-17
7899.4 3.4734e-17
7900.925 4.1604e-17
7902.45 3.7229e-17
7903.975 3.4915e-17
7905.5 3.698e-17
7907.025 3.5215e-17
7908.55 3.6032e-17
7910.075 3.7399e-17
7911.6 3.3182e-17
7913.125 3.2785e-17
7914.65 3.92e-17
7916.175 3.5217e-17
7917.7 3.3417e-17
7919.225 3.7327e-17
7920.75 3.1713e-17
7922.275 2.3036e-17
7923.8 2.4437e-17
7925.325 3.1352e-17
7926.85 3.7228e-17
7928.375 4.0533e-17
7929.9 3.6674e-17
7931.425 3.4312e-17
7932.95 4.0034e-17
7934.475 4.082e-17
7936.0 3.7621e-17
7937.525 3.7911e-17
7939.05 3.7026e-17
7940.575 3.6703e-17
7942.1 3.8042e-17
7943.625 3.9083e-17
7945.15 3.9453e-17
7946.675 3.6536e-17
7948.2 3.3718e-17
7949.725 3.3689e-17
7951.25 3.2793e-17
7952.775 3.2772e-17
7954.3 3.4641e-17
7955.825 3.4009e-17
7957.35 3.4437e-17
7958.875 3.1602e-17
7960.4 3.3101e-17
7961.925 4.1895e-17
7963.45 4.1782e-17
7964.975 3.5157e-17
7966.5 3.5483e-17
7968.025 2.9749e-17
7969.55 3.3866e-17
7971.075 3.7414e-17
7972.6 3.9304e-17
7974.125 4.1661e-17
7975.65 3.6062e-17
7977.175 2.9003e-17
7978.7 3.2464e-17
7980.225 3.783e-17
7981.75 3.6378e-17
7983.275 3.8103e-17
7984.8 4.1893e-17
7986.325 4.0355e-17
7987.85 4.3614e-17
7989.375 4.7389e-17
7990.9 4.1341e-17
7992.425 3.6019e-17
7993.95 3.8999e-17
7995.475 3.8653e-17
7997.0 3.7782e-17
7998.525 3.8676e-17
8000.05 3.7978e-17
8001.575 3.9264e-17
8003.1 3.7992e-17
8004.625 3.6862e-17
8006.15 4.1309e-17
8007.675 4.1547e-17
8009.2 3.9364e-17
8010.725 3.7094e-17
8012.25 3.7938e-17
8013.775 3.6655e-17
8015.3 3.18e-17
8016.825 3.0891e-17
8018.35 3.4005e-17
8019.875 3.6284e-17
8021.4 4.0434e-17
8022.925 3.9781e-17
8024.45 3.6288e-17
8025.975 3.1991e-17
8027.5 3.0984e-17
8029.025 3.3164e-17
8030.55 3.4643e-17
8032.075 2.9887e-17
8033.6 3.1371e-17
8035.125 3.7057e-17
8036.65 3.6644e-17
8038.175 3.7116e-17
8039.7 3.6647e-17
8041.225 3.3829e-17
8042.75 3.3454e-17
8044.275 3.613e-17
8045.8 3.8346e-17
8047.325 3.9604e-17
8048.85 3.9197e-17
8050.375 3.6556e-17
8051.9 3.2434e-17
8053.425 3.1205e-17
8054.95 3.488e-17
8056.475 3.8927e-17
8058.0 3.6818e-17
8059.525 2.5845e-17
8061.05 2.5813e-17
8062.575 3.3999e-17
8064.1 3.4095e-17
8065.625 3.397e-17
8067.15 3.5322e-17
8068.675 3.5614e-17
8070.2 3.265e-17
8071.725 3.2736e-17
8073.25 3.6169e-17
8074.775 3.9677e-17
8076.3 3.6198e-17
8077.825 3.0021e-17
8079.35 2.9403e-17
8080.875 2.9839e-17
8082.4 3.2566e-17
8083.925 3.6998e-17
8085.45 3.4e-17
8086.975 3.5314e-17
8088.5 3.8872e-17
8090.025 3.7064e-17
8091.55 3.5292e-17
8093.075 3.3602e-17
8094.6 3.4669e-17
8096.125 3.5349e-17
8097.65 3.6183e-17
8099.175 3.4871e-17
8100.7 2.8154e-17
8102.225 2.829e-17
8103.75 3.2146e-17
8105.275 3.2656e-17
8106.8 2.9007e-17
8108.325 2.772e-17
8109.85 3.0597e-17
8111.375 2.9423e-17
8112.9 2.9898e-17
8114.425 3.2838e-17
8115.95 3.5498e-17
8117.475 3.3892e-17
8119.0 2.9886e-17
8120.525 2.8767e-17
8122.05 3.1181e-17
8123.575 3.1192e-17
8125.1 2.8243e-17
8126.625 2.995e-17
8128.15 3.3228e-17
8129.675 2.8566e-17
8131.2 2.645e-17
8132.725 3.0355e-17
8134.25 3.0522e-17
8135.775 2.8375e-17
8137.3 3.0331e-17
8138.825 2.9802e-17
8140.35 2.8097e-17
8141.875 3.033e-17
8143.4 3.5044e-17
8144.925 3.6524e-17
8146.45 3.4646e-17
8147.975 3.2631e-17
8149.5 2.9121e-17
8151.025 2.9526e-17
8152.55 3.4443e-17
8154.075 3.5589e-17
8155.6 3.3215e-17
8157.125 3.246e-17
8158.65 3.1621e-17
8160.175 3.184e-17
8161.7 3.3709e-17
8163.225 3.4863e-17
8164.75 3.5359e-17
8166.275 3.6431e-17
8167.8 3.5548e-17
8169.325 3.3576e-17
8170.85 3.7069e-17
8172.375 3.8926e-17
8173.9 3.4511e-17
8175.425 3.2862e-17
8176.95 3.7813e-17
8178.475 4.0283e-17
8180.0 3.4561e-17
8181.525 3.2729e-17
8183.05 3.7295e-17
8184.575 4.1819e-17
8186.1 4.1662e-17
8187.625 3.5254e-17
8189.15 3.4538e-17
8190.675 3.7463e-17
8192.2 3.9251e-17
8193.725 3.6874e-17
8195.25 3.656e-17
8196.775 3.5946e-17
8198.3 3.3329e-17
8199.825 3.6164e-17
8201.35 4.0793e-17
8202.875 4.2078e-17
8204.4 3.8558e-17
8205.925 3.5877e-17
8207.45 4.1085e-17
8208.975 4.5228e-17
8210.5 4.0388e-17
8212.025 4.0225e-17
8213.55 4.3987e-17
8215.075 4.0858e-17
8216.6 3.6611e-17
8218.125 3.7092e-17
8219.65 3.769e-17
8221.175 3.7473e-17
8222.7 3.3793e-17
8224.225 2.7287e-17
8225.75 2.6196e-17
8227.275 3.0145e-17
8228.8 2.9701e-17
8230.325 3.1651e-17
8231.85 3.5266e-17
8233.375 3.4724e-17
8234.9 3.696e-17
8236.425 3.6295e-17
8237.95 3.0723e-17
8239.475 3.026e-17
8241.0 3.3153e-17
8242.525 3.3569e-17
8244.05 3.3196e-17
8245.575 3.6702e-17
8247.1 4.0478e-17
8248.625 4.1014e-17
8250.15 3.903e-17
8251.675 3.5039e-17
8253.2 3.5594e-17
8254.725 3.9197e-17
8256.25 3.7218e-17
8257.775 3.3806e-17
8259.3 3.4367e-17
8260.825 3.6402e-17
8262.35 3.7011e-17
8263.875 3.953e-17
8265.4 4.0309e-17
8266.925 3.5153e-17
8268.45 3.1678e-17
8269.975 3.4237e-17
8271.5 3.8254e-17
8273.025 3.5276e-17
8274.55 3.0344e-17
8276.075 3.4132e-17
8277.6 4.1153e-17
8279.125 4.2329e-17
8280.65 3.707e-17
8282.175 3.6049e-17
8283.7 4.4012e-17
8285.225 4.1196e-17
8286.75 3.0566e-17
8288.275 3.2176e-17
8289.8 3.3954e-17
8291.325 3.2122e-17
8292.85 3.7385e-17
8294.375 4.44e-17
8295.9 4.9053e-17
8297.425 3.899e-17
8298.95 2.7429e-17
8300.475 3.1663e-17
8302.0 3.6615e-17
8303.525 3.5522e-17
8305.05 3.7691e-17
8306.575 3.4995e-17
8308.1 3.0166e-17
8309.625 2.9107e-17
8311.15 3.579e-17
8312.675 4.1243e-17
8314.2 3.6522e-17
8315.725 3.1258e-17
8317.25 3.3641e-17
8318.775 3.6797e-17
8320.3 3.6809e-17
8321.825 3.9284e-17
8323.35 3.8339e-17
8324.875 4.2315e-17
8326.4 4.6589e-17
8327.925 4.1133e-17
8329.45 3.4368e-17
8330.975 3.2583e-17
8332.5 3.4273e-17
8334.025 3.4117e-17
8335.55 3.6185e-17
8337.075 4.54e-17
8338.6 5.2459e-17
8340.125 6.3269e-17
8341.65 7.0465e-17
8343.175 4.8005e-17
8344.7 3.7556e-17
8346.225 4.1433e-17
8347.75 4.1514e-17
8349.275 4.8174e-17
8350.8 4.7656e-17
8352.325 4.0851e-17
8353.85 3.5543e-17
8355.375 3.2093e-17
8356.9 3.6703e-17
8358.425 4.1736e-17
8359.95 3.9056e-17
8361.475 3.7565e-17
8363.0 4.275e-17
8364.525 4.2826e-17
8366.05 4.0237e-17
8367.575 3.9702e-17
8369.1 4.0234e-17
8370.625 3.9694e-17
8372.15 3.7592e-17
8373.675 3.8549e-17
8375.2 4.0615e-17
8376.725 4.2169e-17
8378.25 4.0275e-17
8379.775 4.0708e-17
8381.3 4.1866e-17
8382.825 3.4556e-17
8384.35 3.1722e-17
8385.875 3.6206e-17
8387.4 3.5449e-17
8388.925 3.2096e-17
8390.45 3.8383e-17
8391.975 4.2763e-17
8393.5 4.1212e-17
8395.025 4.8887e-17
8396.55 5.2614e-17
8398.075 3.6952e-17
8399.6 3.2303e-17
8401.125 3.833e-17
8402.65 3.2889e-17
8404.175 3.5909e-17
8405.7 3.8851e-17
8407.225 4.2322e-17
8408.75 4.1877e-17
8410.275 3.8852e-17
8411.8 4.3314e-17
8413.325 4.5678e-17
8414.85 4.3757e-17
8416.375 3.9646e-17
8417.9 3.5035e-17
8419.425 3.1739e-17
8420.95 2.7376e-17
8422.475 3.3848e-17
8424.0 4.5844e-17
8425.525 4.9746e-17
8427.05 4.1667e-17
8428.575 2.9115e-17
8430.1 3.1409e-17
8431.625 3.7516e-17
8433.15 3.2862e-17
8434.675 3.8855e-17
8436.2 4.1607e-17
8437.725 4.2819e-17
8439.25 4.2245e-17
8440.775 3.8662e-17
8442.3 3.5743e-17
8443.825 3.7214e-17
8445.35 3.7846e-17
8446.875 3.8063e-17
8448.4 3.9056e-17
8449.925 3.7101e-17
8451.45 3.6132e-17
8452.975 3.7045e-17
8454.5 3.074e-17
8456.025 3.3179e-17
8457.55 4.0511e-17
8459.075 4.2001e-17
8460.6 4.0174e-17
8462.125 4.7963e-17
8463.65 4.6097e-17
8465.175 3.8346e-17
8466.7 3.7645e-17
8468.225 3.6829e-17
8469.75 3.7258e-17
8471.275 3.4998e-17
8472.8 3.5998e-17
8474.325 4.0246e-17
8475.85 4.0938e-17
8477.375 3.5823e-17
8478.9 3.482e-17
8480.425 3.7305e-17
8481.95 3.9369e-17
8483.475 3.9316e-17
8485.0 4.0593e-17
8486.525 4.1564e-17
8488.05 3.6696e-17
8489.575 3.8207e-17
8491.1 4.2229e-17
8492.625 3.9354e-17
8494.15 3.2544e-17
8495.675 3.4479e-17
8497.2 3.7821e-17
8498.725 3.6097e-17
8500.25 3.8541e-17
8501.775 4.0232e-17
8503.3 3.5799e-17
8504.825 3.1769e-17
8506.35 3.3485e-17
8507.875 3.8265e-17
8509.4 3.7262e-17
8510.925 3.635e-17
8512.45 4.0583e-17
8513.975 3.9874e-17
8515.5 4.005e-17
8517.025 4.0762e-17
8518.55 3.7778e-17
8520.075 3.8557e-17
8521.6 4.1335e-17
8523.125 4.2912e-17
8524.65 3.897e-17
8526.175 3.5473e-17
8527.7 3.3337e-17
8529.225 3.4771e-17
8530.75 3.8313e-17
8532.275 3.8038e-17
8533.8 3.6535e-17
8535.325 3.6285e-17
8536.85 3.7293e-17
8538.375 3.6386e-17
8539.9 3.5795e-17
8541.425 3.7705e-17
8542.95 3.9235e-17
8544.475 3.9115e-17
8546.0 4.3425e-17
8547.525 3.9785e-17
8549.05 3.4199e-17
8550.575 3.5169e-17
8552.1 3.281e-17
8553.625 3.187e-17
8555.15 3.7104e-17
8556.675 4.3615e-17
8558.2 4.1821e-17
8559.725 3.7898e-17
8561.25 3.8544e-17
8562.775 3.8133e-17
8564.3 3.5145e-17
8565.825 3.6435e-17
8567.35 3.5299e-17
8568.875 3.3935e-17
8570.4 3.5241e-17
8571.925 3.7634e-17
8573.45 3.8085e-17
8574.975 3.7918e-17
8576.5 3.9919e-17
8578.025 3.9514e-17
8579.55 3.6652e-17
8581.075 3.4488e-17
8582.6 3.2161e-17
8584.125 3.2172e-17
8585.65 3.6275e-17
8587.175 3.8599e-17
8588.7 3.9857e-17
8590.225 3.7117e-17
8591.75 3.2237e-17
8593.275 3.0312e-17
8594.8 3.8301e-17
8596.325 4.2796e-17
8597.85 3.8697e-17
8599.375 3.1029e-17
8600.9 3.1857e-17
8602.425 3.5817e-17
8603.95 3.1106e-17
8605.475 2.9231e-17
8607.0 3.3908e-17
8608.525 3.7017e-17
8610.05 3.3962e-17
8611.575 3.2788e-17
8613.1 3.698e-17
8614.625 3.6247e-17
8616.15 3.1737e-17
8617.675 3.434e-17
8619.2 4.1428e-17
8620.725 3.9302e-17
8622.25 3.4114e-17
8623.775 3.4917e-17
8625.3 3.5229e-17
8626.825 3.5107e-17
8628.35 3.6139e-17
8629.875 3.4351e-17
8631.4 3.0427e-17
8632.925 2.8569e-17
8634.45 2.896e-17
8635.975 3.4518e-17
8637.5 3.5221e-17
8639.025 3.1694e-17
8640.55 3.3225e-17
8642.075 3.825e-17
8643.6 3.8741e-17
8645.125 3.7271e-17
8646.65 3.5279e-17
8648.175 3.506e-17
8649.7 3.2983e-17
8651.225 3.2708e-17
8652.75 3.5202e-17
8654.275 3.5057e-17
8655.8 3.3063e-17
8657.325 3.3013e-17
8658.85 3.1525e-17
8660.375 3.187e-17
8661.9 2.7479e-17
8663.425 2.7777e-17
8664.95 3.2872e-17
8666.475 3.6751e-17
8668.0 3.9248e-17
8669.525 3.8764e-17
8671.05 3.7392e-17
8672.575 3.6398e-17
8674.1 3.1593e-17
8675.625 2.8323e-17
8677.15 3.2085e-17
8678.675 4.1679e-17
8680.2 4.0081e-17
8681.725 2.8066e-17
8683.25 2.9111e-17
8684.775 3.5484e-17
8686.3 3.5367e-17
8687.825 3.1245e-17
8689.35 2.9949e-17
8690.875 2.9497e-17
8692.4 3.0532e-17
8693.925 3.3086e-17
8695.45 3.3674e-17
8696.975 3.2363e-17
8698.5 3.2723e-17
8700.025 3.3316e-17
8701.55 3.5137e-17
8703.075 3.4691e-17
8704.6 3.1894e-17
8706.125 3.2217e-17
8707.65 3.0887e-17
8709.175 2.9539e-17
8710.7 3.0927e-17
8712.225 2.9933e-17
8713.75 2.7267e-17
8715.275 2.8444e-17
8716.8 3.0558e-17
8718.325 2.9629e-17
8719.85 2.9108e-17
8721.375 3.2513e-17
8722.9 3.5662e-17
8724.425 3.4569e-17
8725.95 3.1461e-17
8727.475 3.0664e-17
8729.0 3.2153e-17
8730.525 3.0296e-17
8732.05 2.912e-17
8733.575 3.0995e-17
8735.1 2.9578e-17
8736.625 2.9637e-17
8738.15 2.9847e-17
8739.675 2.6371e-17
8741.2 2.869e-17
8742.725 3.4054e-17
8744.25 3.65e-17
8745.775 3.4936e-17
8747.3 3.6497e-17
8748.825 3.6783e-17
8750.35 3.4479e-17
8751.875 3.4743e-17
8753.4 3.4277e-17
8754.925 3.7673e-17
8756.45 4.8358e-17
8757.975 5.6531e-17
8759.5 4.7884e-17
8761.025 2.6875e-17
8762.55 2.6077e-17
8764.075 3.9757e-17
8765.6 3.8814e-17
8767.125 2.6529e-17
8768.65 2.3233e-17
8770.175 2.251e-17
8771.7 3.9514e-17
8773.225 3.9421e-17
8774.75 3.6537e-17
8776.275 3.408e-17
8777.8 2.2835e-17
8779.325 2.6308e-17
8780.85 2.18e-17
8782.375 2.6411e-17
8783.9 2.8086e-17
8785.425 3.0593e-17
8786.95 4.2737e-17
8788.475 4.1974e-17
8790.0 3.449e-17
8791.525 3.2648e-17
8793.05 3.0006e-17
8794.575 3.0065e-17
8796.1 3.2529e-17
8797.625 2.7683e-17
8799.15 2.7204e-17
8800.675 3.586e-17
8802.2 3.85e-17
8803.725 3.5218e-17
8805.25 3.5072e-17
8806.775 3.4923e-17
8808.3 3.4334e-17
8809.825 3.242e-17
8811.35 2.7849e-17
8812.875 2.7058e-17
8814.4 3.0749e-17
8815.925 2.9126e-17
8817.45 3.4173e-17
8818.975 2.8066e-17
8820.5 2.2506e-17
8822.025 4.5276e-17
8823.55 5.7897e-17
8825.075 2.7738e-17
8826.6 8.7451e-18
8828.125 2.0664e-17
8829.65 8.3319e-18
8831.175 2.1568e-17
8832.7 3.9267e-17
8834.225 3.5645e-17
8835.75 3.1788e-17
8837.275 3.6417e-17
8838.8 3.0266e-17
8840.325 2.3955e-17
8841.85 2.668e-17
8843.375 2.6772e-17
8844.9 2.8595e-17
8846.425 3.697e-17
8847.95 3.6614e-17
8849.475 3.4386e-17
8851.0 3.273e-17
8852.525 2.9793e-17
8854.05 3.1185e-17
8855.575 3.0315e-17
8857.1 3.2392e-17
8858.625 4.0596e-17
8860.15 3.504e-17
8861.675 2.6453e-17
8863.2 3.3132e-17
8864.725 3.0206e-17
8866.25 2.3446e-17
8867.775 2.8981e-17
8869.3 3.1009e-17
8870.825 3.1022e-17
8872.35 3.061e-17
8873.875 3.1382e-17
8875.4 3.1352e-17
8876.925 3.6261e-17
8878.45 3.1578e-17
8879.975 3.7418e-17
8881.5 5.4014e-17
8883.025 5.2694e-17
8884.55 3.2122e-17
8886.075 2.6639e-17
8887.6 2.1439e-17
8889.125 1.8882e-17
8890.65 2.9033e-17
8892.175 3.1462e-17
8893.7 3.1415e-17
8895.225 3.2205e-17
8896.75 3.2144e-17
8898.275 3.3257e-17
8899.8 2.877e-17
8901.325 2.3942e-17
8902.85 2.428e-17
8904.375 3.0126e-17
8905.9 2.9881e-17
8907.425 2.8337e-17
8908.95 2.8238e-17
8910.475 3.3774e-17
8912.0 2.6948e-17
8913.525 2.9242e-17
8915.05 5.3927e-17
8916.575 5.6172e-17
8918.1 2.3219e-17
8919.625 1.3946e-17
8921.15 2.3503e-17
8922.675 2.035e-17
8924.2 2.6089e-17
8925.725 3.4294e-17
8927.25 3.6446e-17
8928.775 3.2255e-17
8930.3 3.1478e-17
8931.825 3.35e-17
8933.35 3.315e-17
8934.875 2.967e-17
8936.4 2.6858e-17
8937.925 2.9477e-17
8939.45 3.6853e-17
8940.975 3.9258e-17
8942.5 3.4999e-17
8944.025 3.3224e-17
8945.55 2.7076e-17
8947.075 2.0892e-17
8948.6 1.9953e-17
8950.125 2.2724e-17
8951.65 2.273e-17
8953.175 3.46e-17
8954.7 4.2452e-17
8956.225 2.3643e-17
8957.75 1.8587e-17
8959.275 3.173e-17
8960.8 1.7955e-17
8962.325 1.7798e-17
8963.85 2.1715e-17
8965.375 2.4411e-17
8966.9 2.5934e-17
8968.425 2.7136e-17
8969.95 2.7949e-17
8971.475 2.74e-17
8973.0 2.7461e-17
8974.525 2.7193e-17
8976.05 2.8914e-17
8977.575 3.1668e-17
8979.1 2.8297e-17
8980.625 2.6357e-17
8982.15 2.3767e-17
8983.675 2.9074e-17
8985.2 3.1878e-17
8986.725 2.2042e-17
8988.25 1.6791e-17
8989.775 1.9469e-17
8991.3 2.2899e-17
8992.825 2.3479e-17
8994.35 2.9518e-17
8995.875 3.9805e-17
8997.4 4.67e-17
8998.925 3.7065e-17
9000.45 1.9291e-17
9001.975 2.4108e-17
9003.5 2.8e-17
9005.025 2.4973e-17
9006.55 2.7482e-17
9008.075 3.0005e-17
9009.6 2.7951e-17
9011.125 2.7066e-17
9012.65 3.0418e-17
9014.175 3.0596e-17
9015.7 3.1938e-17
9017.225 3.0427e-17
9018.75 2.8539e-17
9020.275 2.7882e-17
9021.8 2.4152e-17
9023.325 2.4177e-17
9024.85 2.7234e-17
9026.375 2.742e-17
9027.9 2.7838e-17
9029.425 3.0289e-17
9030.95 3.2033e-17
9032.475 3.0514e-17
9034.0 3.192e-17
9035.525 3.0997e-17
9037.05 2.7457e-17
9038.575 2.7135e-17
9040.1 2.3133e-17
9041.625 2.5055e-17
9043.15 3.192e-17
9044.675 3.5341e-17
9046.2 3.4008e-17
9047.725 2.7518e-17
9049.25 2.4055e-17
9050.775 2.5392e-17
9052.3 2.5778e-17
9053.825 3.03e-17
9055.35 2.8989e-17
9056.875 2.8089e-17
9058.4 2.9912e-17
9059.925 2.9723e-17
9061.45 2.9437e-17
9062.975 2.8418e-17
9064.5 2.7714e-17
9066.025 2.8222e-17
9067.55 2.8481e-17
9069.075 3.0049e-17
9070.6 2.8371e-17
9072.125 2.5588e-17
9073.65 2.6656e-17
9075.175 2.6074e-17
9076.7 2.2863e-17
9078.225 2.0584e-17
9079.75 2.2657e-17
9081.275 2.5467e-17
9082.8 2.6168e-17
9084.325 2.5018e-17
9085.85 2.6842e-17
9087.375 2.5106e-17
9088.9 2.5408e-17
9090.425 2.7169e-17
9091.95 2.509e-17
9093.475 2.0207e-17
9095.0 2.1296e-17
9096.525 2.4905e-17
9098.05 2.5129e-17
9099.575 2.7605e-17
9101.1 2.5133e-17
9102.625 1.979e-17
9104.15 2.2734e-17
9105.675 2.5515e-17
9107.2 2.7337e-17
9108.725 2.8332e-17
9110.25 2.7987e-17
9111.775 2.6272e-17
9113.3 2.3132e-17
9114.825 2.4318e-17
9116.35 2.551e-17
9117.875 2.6104e-17
9119.4 2.495e-17
9120.925 2.5884e-17
9122.45 2.9188e-17
9123.975 2.7217e-17
9125.5 2.3525e-17
9127.025 2.218e-17
9128.55 2.1607e-17
9130.075 2.1721e-17
9131.6 1.8594e-17
9133.125 1.7789e-17
9134.65 2.4252e-17
9136.175 2.5558e-17
9137.7 2.2494e-17
9139.225 2.4904e-17
9140.75 2.8638e-17
9142.275 2.9267e-17
9143.8 2.8397e-17
9145.325 2.6379e-17
9146.85 2.4021e-17
9148.375 2.3831e-17
9149.9 2.2558e-17
9151.425 2.316e-17
9152.95 2.5542e-17
9154.475 2.5707e-17
9156.0 2.1983e-17
9157.525 2.0886e-17
9159.05 2.5855e-17
9160.575 2.5425e-17
9162.1 2.397e-17
9163.625 2.8615e-17
9165.15 3.0966e-17
9166.675 2.8364e-17
9168.2 2.3929e-17
9169.725 2.3e-17
9171.25 2.312e-17
9172.775 2.1759e-17
9174.3 2.4633e-17
9175.825 2.9551e-17
9177.35 3.0135e-17
9178.875 2.7861e-17
9180.4 2.7916e-17
9181.925 2.9082e-17
9183.45 2.9229e-17
9184.975 2.9636e-17
9186.5 2.9847e-17
9188.025 2.9004e-17
9189.55 2.5901e-17
9191.075 2.2742e-17
9192.6 2.3944e-17
9194.125 2.6773e-17
9195.65 3.0579e-17
9197.175 3.1662e-17
9198.7 3.2452e-17
9200.225 3.2987e-17
9201.75 3.0645e-17
9203.275 2.5576e-17
9204.8 2.5931e-17
9206.325 3.038e-17
9207.85 3.1284e-17
9209.375 3.0416e-17
9210.9 3.046e-17
9212.425 2.5098e-17
9213.95 2.4479e-17
9215.475 2.9971e-17
9217.0 2.6527e-17
9218.525 2.1055e-17
9220.05 2.349e-17
9221.575 2.6522e-17
9223.1 2.8235e-17
9224.625 2.7778e-17
9226.15 2.7791e-17
9227.675 3.0515e-17
9229.2 3.1058e-17
9230.725 2.9225e-17
9232.25 2.8895e-17
9233.775 3.0095e-17
9235.3 2.8249e-17
9236.825 2.8502e-17
9238.35 2.8137e-17
9239.875 2.6355e-17
9241.4 2.8512e-17
9242.925 3.0071e-17
9244.45 2.914e-17
9245.975 2.88e-17
9247.5 2.8435e-17
9249.025 2.5764e-17
9250.55 2.6116e-17
9252.075 2.721e-17
9253.6 2.6972e-17
9255.125 2.8859e-17
9256.65 3.0413e-17
9258.175 2.6675e-17
9259.7 2.4261e-17
9261.225 2.8497e-17
9262.75 3.2e-17
9264.275 2.8091e-17
9265.8 2.62e-17
9267.325 2.7025e-17
9268.85 2.8484e-17
9270.375 2.9031e-17
9271.9 2.9551e-17
9273.425 2.6501e-17
9274.95 2.3749e-17
9276.475 2.2939e-17
9278.0 2.4477e-17
9279.525 2.6647e-17
9281.05 2.8852e-17
9282.575 2.7348e-17
9284.1 2.2234e-17
9285.625 2.0333e-17
9287.15 2.0825e-17
9288.675 2.1043e-17
9290.2 2.0492e-17
9291.725 2.0451e-17
9293.25 2.1733e-17
9294.775 2.0937e-17
9296.3 1.9932e-17
9297.825 2.2624e-17
9299.35 2.0793e-17
9300.875 2.4232e-17
9302.4 5.7493e-17
9303.925 7.5928e-17
9305.45 4.2691e-17
9306.975 1.1682e-17
9308.5 2.5889e-17
9310.025 3.7384e-17
9311.55 1.8397e-17
9313.075 1.1697e-17
9314.6 1.2984e-17
9316.125 8.8255e-18
9317.65 1.6901e-17
9319.175 3.0848e-17
9320.7 2.6215e-17
9322.225 1.0891e-17
9323.75 1.44e-17
9325.275 1.2619e-17
9326.8 9.2427e-18
9328.325 1.2544e-17
9329.85 1.7515e-17
9331.375 2.608e-17
9332.9 2.3225e-17
9334.425 9.5415e-18
9335.95 5.2864e-18
9337.475 1.06e-17
9339.0 1.2376e-17
9340.525 1.0378e-17
9342.05 1.5307e-17
9343.575 1.714e-17
9345.1 1.783e-17
9346.625 2.2876e-17
9348.15 2.1e-17
9349.675 1.6107e-17
9351.2 1.5758e-17
9352.725 1.1721e-17
9354.25 1.2159e-17
9355.775 1.6483e-17
9357.3 1.278e-17
9358.825 1.2705e-17
9360.35 1.4904e-17
9361.875 1.5817e-17
9363.4 1.312e-17
9364.925 5.8218e-18
9366.45 5.6596e-18
9367.975 -8.9805e-19
9369.5 1.6199e-17
9371.025 6.6678e-17
9372.55 7.9227e-17
9374.075 1.9432e-17
9375.6 -6.5434e-18
9377.125 9.2149e-18
9378.65 5.8098e-18
9380.175 1.9925e-17
9381.7 2.4832e-17
9383.225 2.3991e-17
9384.75 2.2365e-17
9386.275 2.304e-17
9387.8 2.5733e-17
9389.325 2.8378e-17
9390.85 2.88e-17
9392.375 3.0498e-17
9393.9 2.5797e-17
9395.425 1.9965e-17
9396.95 2.5807e-17
9398.475 2.909e-17
9400.0 2.095e-17
9401.525 2.0691e-17
9403.05 1.8701e-17
9404.575 1.8116e-17
9406.1 2.0418e-17
9407.625 1.6765e-17
9409.15 1.9615e-17
9410.675 2.132e-17
9412.2 2.0987e-17
9413.725 2.6345e-17
9415.25 2.2877e-17
9416.775 1.1941e-17
9418.3 1.5313e-17
9419.825 2.2839e-17
9421.35 1.4399e-17
9422.875 1.0235e-17
9424.4 1.5467e-17
9425.925 1.22e-17
9427.45 9.7268e-18
9428.975 1.4906e-17
9430.5 2.3113e-17
9432.025 2.4445e-17
9433.55 2.7109e-17
9435.075 4.1199e-17
9436.6 3.2346e-17
9438.125 7.7221e-18
9439.65 1.6594e-17
9441.175 1.7233e-17
9442.7 6.9236e-18
9444.225 1.5331e-17
9445.75 1.4967e-17
9447.275 1.3837e-17
9448.8 1.7274e-17
9450.325 1.6078e-17
9451.85 1.3622e-17
9453.375 2.4066e-17
9454.9 3.9267e-17
9456.425 3.4359e-17
9457.95 2.6276e-17
9459.475 2.147e-17
9461.0 1.4656e-17
9462.525 1.7002e-17
9464.05 1.9455e-17
9465.575 1.8109e-17
9467.1 1.6463e-17
9468.625 1.402e-17
9470.15 2.6927e-17
9471.675 4.889e-17
9473.2 4.4064e-17
9474.725 1.0691e-17
9476.25 7.1338e-18
9477.775 2.0403e-17
9479.3 9.5661e-18
9480.825 1.1845e-17
9482.35 1.8922e-17
9483.875 2.5356e-17
9485.4 2.7325e-17
9486.925 2.382e-17
9488.45 2.2952e-17
9489.975 1.7779e-17
9491.5 1.1343e-17
9493.025 1.2558e-17
9494.55 1.5396e-17
9496.075 1.5693e-17
9497.6 2.2878e-17
9499.125 2.8604e-17
9500.65 2.1472e-17
9502.175 2.2206e-17
9503.7 2.6177e-17
9505.225 2.3069e-17
9506.75 2.6758e-17
9508.275 2.1846e-17
9509.8 1.9222e-17
9511.325 2.0879e-17
9512.85 2.4863e-17
9514.375 2.1305e-17
9515.9 8.4651e-18
9517.425 9.2597e-18
9518.95 1.2011e-17
9520.475 1.3141e-17
9522.0 1.0968e-17
9523.525 9.1774e-18
9525.05 1.3874e-17
9526.575 1.368e-17
9528.1 1.9364e-17
9529.625 2.9541e-17
9531.15 2.3036e-17
9532.675 1.903e-17
9534.2 2.2015e-17
9535.725 1.899e-17
9537.25 1.5812e-17
9538.775 1.8548e-17
9540.3 1.9978e-17
9541.825 1.8792e-17
9543.35 1.7743e-17
9544.875 1.5252e-17
9546.4 2.2182e-17
9547.925 3.0689e-17
9549.45 2.1336e-17
9550.975 1.5565e-17
9552.5 1.9585e-17
9554.025 1.2622e-17
9555.55 9.3127e-18
9557.075 1.4399e-17
9558.6 2.0075e-17
9560.125 2.4824e-17
9561.65 3.0111e-17
9563.175 3.4151e-17
9564.7 3.1253e-17
9566.225 1.9508e-17
9567.75 1.2862e-17
9569.275 1.1308e-17
9570.8 1.2372e-17
9572.325 1.728e-17
9573.85 2.2182e-17
9575.375 2.2722e-17
9576.9 2.3389e-17
9578.425 2.003e-17
9579.95 1.201e-17
9581.475 1.0354e-17
9583.0 1.6571e-17
9584.525 1.6247e-17
9586.05 1.7011e-17
9587.575 1.7613e-17
9589.1 1.248e-17
9590.625 1.39e-17
9592.15 1.7268e-17
9593.675 2.1483e-17
9595.2 2.5022e-17
9596.725 1.6923e-17
9598.25 1.2924e-17
9599.775 2.2638e-17
9601.3 1.8785e-17
9602.825 2.3108e-17
9604.35 2.8777e-17
9605.875 2.4503e-17
9607.4 1.9426e-17
9608.925 1.9245e-17
9610.45 2.0969e-17
9611.975 1.9225e-17
9613.5 1.9298e-17
9615.025 2.5434e-17
9616.55 2.583e-17
9618.075 1.1123e-17
9619.6 1.2214e-17
9621.125 1.6404e-17
9622.65 1.267e-17
9624.175 1.6986e-17
9625.7 2.2393e-17
9627.225 2.3473e-17
9628.75 1.9762e-17
9630.275 1.7136e-17
9631.8 1.5977e-17
9633.325 1.5026e-17
9634.85 1.6065e-17
9636.375 1.4591e-17
9637.9 1.6983e-17
9639.425 2.4961e-17
9640.95 2.1529e-17
9642.475 1.4343e-17
9644.0 1.875e-17
9645.525 2.2655e-17
9647.05 1.9581e-17
9648.575 1.8958e-17
9650.1 1.9781e-17
9651.625 1.7874e-17
9653.15 1.8304e-17
9654.675 1.9315e-17
9656.2 2.2387e-17
9657.725 2.4228e-17
9659.25 1.7841e-17
9660.775 1.2862e-17
9662.3 1.6368e-17
9663.825 2.5117e-17
9665.35 2.8991e-17
9666.875 2.5167e-17
9668.4 2.418e-17
9669.925 2.6396e-17
9671.45 2.5116e-17
9672.975 2.1463e-17
9674.5 2.4452e-17
9676.025 2.8398e-17
9677.55 3.3784e-17
9679.075 3.2496e-17
9680.6 3.0529e-17
9682.125 3.0565e-17
9683.65 2.2195e-17
9685.175 2.0974e-17
9686.7 2.2558e-17
9688.225 1.5945e-17
9689.75 2.108e-17
9691.275 2.4916e-17
9692.8 1.8799e-17
9694.325 2.5338e-17
9695.85 3.7019e-17
9697.375 2.8201e-17
9698.9 2.4491e-17
9700.425 2.2589e-17
9701.95 2.3976e-17
9703.475 2.514e-17
9705.0 1.749e-17
9706.525 2.2788e-17
9708.05 3.3964e-17
9709.575 3.575e-17
9711.1 3.7515e-17
9712.625 2.5146e-17
9714.15 2.3179e-17
9715.675 4.4313e-17
9717.2 4.1936e-17
9718.725 1.967e-17
9720.25 3.3132e-17
9721.775 2.8194e-17
9723.3 2.0591e-17
9724.825 2.1213e-17
9726.35 2.7988e-17
9727.875 2.6378e-17
9729.4 1.8759e-17
9730.925 2.0445e-17
9732.45 2.9819e-17
9733.975 3.1231e-17
9735.5 2.026e-17
9737.025 1.812e-17
9738.55 2.4034e-17
9740.075 2.2595e-17
9741.6 1.6973e-17
9743.125 1.8654e-17
9744.65 2.403e-17
9746.175 2.4889e-17
9747.7 2.0464e-17
9749.225 2.0476e-17
9750.75 1.9242e-17
9752.275 1.6675e-17
9753.8 1.992e-17
9755.325 2.6336e-17
9756.85 2.6958e-17
9758.375 2.1958e-17
9759.9 2.2086e-17
9761.425 2.3114e-17
9762.95 1.8426e-17
9764.475 1.872e-17
9766.0 2.8687e-17
9767.525 3.3368e-17
9769.05 2.7416e-17
9770.575 2.3242e-17
9772.1 2.3131e-17
9773.625 2.2609e-17
9775.15 2.4835e-17
9776.675 2.3908e-17
9778.2 2.4282e-17
9779.725 2.604e-17
9781.25 2.1972e-17
9782.775 1.6953e-17
9784.3 1.8546e-17
9785.825 2.7889e-17
9787.35 3.7667e-17
9788.875 1.7643e-17
9790.4 9.7995e-18
9791.925 3.0038e-17
9793.45 2.6901e-17
9794.975 1.9473e-17
9796.5 1.808e-17
9798.025 2.3468e-17
9799.55 2.0153e-17
9801.075 1.6845e-17
9802.6 2.8898e-17
9804.125 2.8512e-17
9805.65 2.7154e-17
9807.175 2.7272e-17
9808.7 2.9656e-17
9810.225 3.1373e-17
9811.75 2.9521e-17
9813.275 3.1369e-17
9814.8 3.0619e-17
9816.325 2.8612e-17
9817.85 1.6243e-17
9819.375 1.5983e-17
9820.9 2.3686e-17
9822.425 2.2292e-17
9823.95 2.3277e-17
9825.475 1.8413e-17
9827.0 1.9014e-17
9828.525 2.0134e-17
9830.05 2.0347e-17
9831.575 2.6548e-17
9833.1 3.1748e-17
9834.625 2.4761e-17
9836.15 2.4224e-17
9837.675 2.6691e-17
9839.2 2.1845e-17
9840.725 2.174e-17
9842.25 2.9431e-17
9843.775 3.374e-17
9845.3 3.0633e-17
9846.825 2.3931e-17
9848.35 1.7819e-17
9849.875 1.4436e-17
9851.4 1.9455e-17
9852.925 2.5255e-17
9854.45 3.1794e-17
9855.975 3.6932e-17
9857.5 3.0283e-17
9859.025 2.0825e-17
9860.55 2.2717e-17
9862.075 2.9528e-17
9863.6 3.1747e-17
9865.125 3.6295e-17
9866.65 4.5431e-17
9868.175 5.9324e-17
9869.7 5.115e-17
9871.225 2.6092e-17
9872.75 3.1997e-17
9874.275 2.1227e-17
9875.8 1.0011e-17
9877.325 1.7625e-17
9878.85 2.7801e-17
9880.375 2.9646e-17
9881.9 2.235e-17
9883.425 1.7236e-17
9884.95 2.1678e-17
9886.475 2.565e-17
9888.0 3.4198e-17
9889.525 5.0309e-17
9891.05 5.1026e-17
9892.575 3.1634e-17
9894.1 1.801e-17
9895.625 1.9114e-17
9897.15 2.2416e-17
9898.675 2.7136e-17
9900.2 2.9147e-17
9901.725 2.2957e-17
9903.25 1.5342e-17
9904.775 1.7636e-17
9906.3 3.3931e-17
9907.825 2.7619e-17
9909.35 3.1438e-17
9910.875 6.2598e-17
9912.4 2.4863e-17
9913.925 -7.0498e-18
9915.45 4.6193e-18
9916.975 9.2311e-19
9918.5 1.8984e-17
9920.025 2.548e-17
9921.55 2.7461e-17
9923.075 3.1417e-17
9924.6 2.6759e-17
9926.125 2.0415e-17
9927.65 1.9456e-17
9929.175 2.5341e-17
9930.7 2.301e-17
9932.225 1.8378e-17
9933.75 2.0055e-17
9935.275 2.0737e-17
9936.8 2.6573e-17
9938.325 3.8702e-17
9939.85 4.5519e-17
9941.375 5.8047e-17
9942.9 7.5663e-17
9944.425 4.5056e-17
9945.95 1.6642e-17
9947.475 1.1137e-17
9949.0 1.185e-17
9950.525 2.7971e-17
9952.05 4.9345e-17
9953.575 5.3505e-17
9955.1 3.3912e-17
9956.625 1.6048e-17
9958.15 1.5681e-17
9959.675 1.7011e-17
9961.2 1.5218e-17
9962.725 6.2955e-18
9964.25 3.9371e-18
9965.775 1.8423e-17
9967.3 2.2165e-17
9968.825 1.7708e-17
9970.35 1.8554e-17
9971.875 2.704e-17
9973.4 2.2621e-17
9974.925 1.0835e-17
9976.45 1.0651e-17
9977.975 1.5914e-17
9979.5 1.775e-17
9981.025 1.8773e-17
9982.55 1.9011e-17
9984.075 2.0199e-17
9985.6 2.3252e-17
9987.125 2.6507e-17
9988.65 2.315e-17
9990.175 1.6639e-17
9991.7 2.1526e-17
9993.225 3.109e-17
9994.75 3.1327e-17
9996.275 2.1407e-17
9997.8 2.2349e-17
9999.325 3.1014e-17
10000.85 2.9101e-17
