4000.0 -3.629282e-19
4003.53029108048 -3.970575e-19
4007.06058216095 -7.216018e-19
4010.59087324143 4.63896e-18
4014.1211643219 6.061257e-18
4017.65145540238 1.851608e-18
4021.18174648285 5.30518e-18
4024.71203756333 4.209821e-18
4028.2423286438 2.023517e-18
4031.77261972428 8.825033e-18
4035.30291080475 1.403309e-17
4038.83320188523 6.685054e-18
4042.3634929657 3.319229e-18
4045.89378404618 7.346279e-18
4049.42407512665 2.917574e-18
4052.95436620713 1.071554e-18
4056.4846572876 1.529033e-18
4060.01494836807 5.291491e-18
4063.54523944855 6.629446e-18
4067.07553052902 3.945187e-18
4070.6058216095 5.650413e-18
4074.13611268998 7.663372e-18
4077.66640377045 9.04907e-18
4081.19669485092 7.613156e-18
4084.7269859314 -7.323601e-19
4088.25727701187 3.69032e-18
4091.78756809235 1.000959e-17
4095.31785917282 5.514153e-18
4098.8481502533 8.563941e-18
4102.37844133377 8.39739e-18
4105.90873241425 3.339943e-18
4109.43902349472 6.941956e-18
4112.9693145752 1.156085e-17
4116.49960565567 1.076192e-17
4120.02989673615 8.331065e-18
4123.56018781662 6.574328e-18
4127.0904788971 7.158804e-18
4130.62076997757 4.976477e-18
4134.15106105805 4.74622e-18
4137.68135213852 5.006382e-18
4141.211643219 4.305472e-18
4144.74193429947 6.773038e-18
4148.27222537995 5.519834e-18
4151.80251646042 4.377308e-18
4155.3328075409 5.993138e-18
4158.86309862137 6.754187e-18
4162.39338970185 7.506817e-18
4165.92368078232 8.25783e-18
4169.4539718628 6.495679e-18
4172.98426294327 6.707159e-18
4176.51455402375 4.870076e-18
4180.04484510422 4.240955e-18
4183.5751361847 5.274031e-18
4187.10542726517 6.044703e-18
4190.63571834564 9.862402e-18
4194.16600942612 8.108401e-18
4197.69630050659 6.306803e-18
4201.22659158707 7.315618e-18
4204.75688266754 5.587771e-18
4208.28717374802 5.157705e-18
4211.81746482849 8.873197e-18
4215.34775590897 7.764672e-18
4218.87804698944 5.092866e-18
4222.40833806992 2.509808e-18
4225.93862915039 2.026094e-18
4229.46892023087 3.285954e-18
4232.99921131134 5.881719e-18
4236.52950239182 8.078639e-18
4240.05979347229 6.516513e-18
4243.59008455277 7.50538e-18
4247.12037563324 8.085393e-18
4250.65066671372 4.276331e-18
4254.18095779419 4.031971e-18
4257.71124887467 7.294016e-18
4261.24153995514 6.609999e-18
4264.77183103562 5.65913e-18
4268.30212211609 9.275911e-18
4271.83241319657 7.802854e-18
4275.36270427704 6.549725e-18
4278.89299535752 8.209615e-18
4282.42328643799 7.548587e-18
4285.95357751847 7.806981e-18
4289.48386859894 6.079971e-18
4293.01415967942 5.219957e-18
4296.54445075989 6.58304e-18
4300.07474184037 6.871413e-18
4303.60503292084 6.030906e-18
4307.13532400132 7.836346e-18
4310.66561508179 1.091455e-17
4314.19590616226 8.147666e-18
4317.72619724274 4.312605e-18
4321.25648832321 4.803052e-18
4324.78677940369 4.266383e-18
4328.31707048416 3.84528e-18
4331.84736156464 7.327019e-18
4335.37765264511 1.12986e-17
4338.90794372559 7.493337e-18
4342.43823480606 3.663493e-18
4345.96852588654 6.774715e-18
4349.49881696701 6.960553e-18
4353.02910804749 8.503581e-18
4356.55939912796 1.066738e-17
4360.08969020844 8.299562e-18
4363.61998128891 6.889819e-18
4367.15027236939 1.024633e-17
4370.68056344986 1.109242e-17
4374.21085453034 8.789297e-18
4377.74114561081 9.733452e-18
4381.27143669129 7.905802e-18
4384.80172777176 6.961876e-18
4388.33201885224 1.003382e-17
4391.86230993271 7.051764e-18
4395.39260101319 4.656335e-18
4398.92289209366 5.835236e-18
4402.45318317414 6.454116e-18
4405.98347425461 6.243348e-18
4409.51376533509 8.070187e-18
4413.04405641556 8.497812e-18
4416.57434749604 8.768631e-18
4420.10463857651 8.116357e-18
4423.63492965699 8.622086e-18
4427.16522073746 1.008397e-17
4430.69551181794 8.002985e-18
4434.22580289841 8.252671e-18
4437.75609397888 8.479117e-18
4441.28638505936 4.650618e-18
4444.81667613983 4.476547e-18
4448.34696722031 7.461711e-18
4451.87725830079 6.463208e-18
4455.40754938126 5.910303e-18
4458.93784046173 9.142498e-18
4462.46813154221 9.516183e-18
4465.99842262268 6.536681e-18
4469.52871370316 7.022356e-18
4473.05900478363 1.005621e-17
4476.58929586411 7.288473e-18
4480.11958694458 5.845043e-18
4483.64987802506 7.718761e-18
4487.18016910553 7.786809e-18
4490.71046018601 6.621686e-18
4494.24075126648 7.185422e-18
4497.77104234696 7.428603e-18
4501.30133342743 6.149826e-18
4504.83162450791 6.006258e-18
4508.36191558838 4.016972e-18
4511.89220666886 6.515591e-18
4515.42249774933 8.882422e-18
4518.9527888298 6.495571e-18
4522.48307991028 4.646605e-18
4526.01337099076 6.410748e-18
4529.54366207123 9.020296e-18
4533.07395315171 9.855419e-18
4536.60424423218 8.015494e-18
4540.13453531266 6.914424e-18
4543.66482639313 7.248618e-18
4547.1951174736 5.577248e-18
4550.72540855408 6.983941e-18
4554.25569963455 1.011433e-17
4557.78599071503 7.882964e-18
4561.3162817955 6.691019e-18
4564.84657287598 9.155589e-18
4568.37686395645 8.146123e-18
4571.90715503693 7.538894e-18
4575.4374461174 7.72222e-18
4578.96773719788 7.215707e-18
4582.49802827835 8.341826e-18
4586.02831935883 6.929819e-18
4589.5586104393 8.307577e-18
4593.08890151978 9.023501e-18
4596.61919260025 8.918943e-18
4600.14948368073 8.830633e-18
4603.6797747612 8.517566e-18
4607.21006584168 8.98635e-18
4610.74035692215 8.790754e-18
4614.27064800263 9.293836e-18
4617.8009390831 1.013754e-17
4621.33123016358 8.698298e-18
4624.86152124405 8.220797e-18
4628.39181232453 8.438768e-18
4631.922103405 7.071063e-18
4635.45239448548 4.863606e-18
4638.98268556595 6.748109e-18
4642.51297664643 9.805464e-18
4646.0432677269 1.02451e-17
4649.57355880738 1.042338e-17
4653.10384988785 8.956778e-18
4656.63414096833 7.601526e-18
4660.1644320488 8.29913e-18
4663.69472312928 7.965782e-18
4667.22501420975 6.270646e-18
4670.75530529023 7.69726e-18
4674.2855963707 8.753589e-18
4677.81588745117 1.137761e-17
4681.34617853165 1.166692e-17
4684.87646961212 1.009459e-17
4688.4067606926 6.703212e-18
4691.93705177307 5.608504e-18
4695.46734285355 7.308265e-18
4698.99763393402 8.624172e-18
4702.5279250145 6.98451e-18
4706.05821609497 6.802497e-18
4709.58850717545 8.217196e-18
4713.11879825592 6.673601e-18
4716.6490893364 7.916741e-18
4720.17938041687 9.893652e-18
4723.70967149735 9.276572e-18
4727.23996257782 1.038648e-17
4730.7702536583 9.942052e-18
4734.30054473877 7.202452e-18
4737.83083581925 7.427103e-18
4741.36112689972 8.075256e-18
4744.8914179802 7.994063e-18
4748.42170906067 8.268148e-18
4751.95200014115 8.298998e-18
4755.48229122162 6.711635e-18
4759.0125823021 7.345107e-18
4762.54287338257 8.077191e-18
4766.07316446305 5.962888e-18
4769.60345554352 6.185829e-18
4773.133746624 9.321326e-18
4776.66403770447 1.039316e-17
4780.19432878495 1.083875e-17
4783.72461986542 1.021602e-17
4787.2549109459 9.819064e-18
4790.78520202637 1.07833e-17
4794.31549310685 1.006642e-17
4797.84578418732 8.487795e-18
4801.37607526779 6.970581e-18
4804.90636634827 7.505884e-18
4808.43665742875 8.471531e-18
4811.96694850922 7.407447e-18
4815.49723958969 7.326124e-18
4819.02753067017 8.092242e-18
4822.55782175064 1.01006e-17
4826.08811283112 1.088732e-17
4829.61840391159 1.053768e-17
4833.14869499207 8.359695e-18
4836.67898607254 7.990901e-18
4840.20927715302 9.338889e-18
4843.73956823349 1.07641e-17
4847.26985931397 8.838026e-18
4850.80015039444 7.998583e-18
4854.33044147492 7.935678e-18
4857.86073255539 7.221996e-18
4861.39102363587 7.216971e-18
4864.92131471634 7.445312e-18
4868.45160579682 8.689259e-18
4871.98189687729 9.322984e-18
4875.51218795777 9.000579e-18
4879.04247903824 8.484848e-18
4882.57277011872 7.90421e-18
4886.10306119919 9.49646e-18
4889.63335227967 8.898406e-18
4893.16364336014 8.32161e-18
4896.69393444062 7.370459e-18
4900.22422552109 6.232174e-18
4903.75451660156 8.749674e-18
4907.28480768204 7.782077e-18
4910.81509876251 7.350044e-18
4914.34538984299 7.866801e-18
4917.87568092347 8.099854e-18
4921.40597200394 9.097283e-18
4924.93626308441 9.751134e-18
4928.46655416489 9.744734e-18
4931.99684524536 9.855166e-18
4935.52713632584 9.55419e-18
4939.05742740631 1.174596e-17
4942.58771848679 1.132474e-17
4946.11800956726 7.294324e-18
4949.64830064774 6.622508e-18
4953.17859172821 7.997781e-18
4956.70888280869 8.232925e-18
4960.23917388916 1.089163e-17
4963.76946496964 8.389688e-18
4967.29975605011 6.107401e-18
4970.83004713059 9.301219e-18
4974.36033821106 9.064483e-18
4977.89062929154 7.946e-18
4981.42092037201 7.353269e-18
4984.95121145249 6.519482e-18
4988.48150253296 5.750259e-18
4992.01179361344 8.656584e-18
4995.54208469391 1.002413e-17
4999.07237577439 8.047377e-18
5002.60266685486 6.252579e-18
5006.13295793534 6.923564e-18
5009.66324901581 7.203967e-18
5013.19354009629 6.74157e-18
5016.72383117676 6.781541e-18
5020.25412225724 7.289393e-18
5023.78441333771 6.53885e-18
5027.31470441819 8.022048e-18
5030.84499549866 1.010786e-17
5034.37528657914 8.224685e-18
5037.90557765961 7.67611e-18
5041.43586874009 6.555037e-18
5044.96615982056 8.695648e-18
5048.49645090104 9.921282e-18
5052.02674198151 7.864488e-18
5055.55703306198 9.264792e-18
5059.08732414246 8.546675e-18
5062.61761522293 7.478239e-18
5066.14790630341 6.569029e-18
5069.67819738389 7.78529e-18
5073.20848846436 8.966709e-18
5076.73877954483 6.974017e-18
5080.26907062531 7.456309e-18
5083.79936170578 7.876214e-18
5087.32965278626 7.845365e-18
5090.85994386673 8.558375e-18
5094.39023494721 9.193227e-18
5097.92052602768 8.345414e-18
5101.45081710816 8.02938e-18
5104.98110818863 1.001742e-17
5108.51139926911 9.069242e-18
5112.04169034958 8.435051e-18
5115.57198143006 1.097584e-17
5119.10227251053 9.3856e-18
5122.63256359101 8.08046e-18
5126.16285467148 7.487559e-18
5129.69314575196 8.27718e-18
5133.22343683243 1.01977e-17
5136.75372791291 9.478015e-18
5140.28401899338 9.796965e-18
5143.81431007386 9.661891e-18
5147.34460115433 8.201259e-18
5150.87489223481 8.879171e-18
5154.40518331528 1.0724e-17
5157.93547439576 1.080597e-17
5161.46576547623 7.769223e-18
5164.9960565567 7.500998e-18
5168.52634763718 8.828051e-18
5172.05663871766 8.012545e-18
5175.58692979813 8.879669e-18
5179.1172208786 1.060043e-17
5182.64751195908 1.034432e-17
5186.17780303955 1.004484e-17
5189.70809412003 9.792384e-18
5193.2383852005 9.237542e-18
5196.76867628098 9.091907e-18
5200.29896736145 1.09023e-17
5203.82925844193 1.152342e-17
5207.3595495224 1.037467e-17
5210.88984060288 1.133308e-17
5214.42013168335 1.199384e-17
5217.95042276383 1.085414e-17
5221.4807138443 1.034623e-17
5225.01100492478 1.059564e-17
5228.54129600525 9.970831e-18
5232.07158708573 9.237914e-18
5235.6018781662 1.00679e-17
5239.13216924668 1.175255e-17
5242.66246032715 1.041023e-17
5246.19275140763 9.408977e-18
5249.7230424881 9.488892e-18
5253.25333356858 9.777793e-18
5256.78362464905 1.045444e-17
5260.31391572953 1.091048e-17
5263.84420681 9.773658e-18
5267.37449789048 8.195782e-18
5270.90478897095 8.820699e-18
5274.43508005143 1.106221e-17
5277.9653711319 1.122362e-17
5281.49566221237 9.720998e-18
5285.02595329285 9.465394e-18
5288.55624437332 9.740271e-18
5292.0865354538 1.093412e-17
5295.61682653428 1.02742e-17
5299.14711761475 9.822825e-18
5302.67740869522 8.548015e-18
5306.2076997757 7.195422e-18
5309.73799085617 7.762243e-18
5313.26828193665 8.275974e-18
5316.79857301712 8.722352e-18
5320.3288640976 8.312405e-18
5323.85915517807 9.697149e-18
5327.38944625855 1.107482e-17
5330.91973733902 8.96153e-18
5334.4500284195 8.071196e-18
5337.98031949997 9.905975e-18
5341.51061058045 9.099602e-18
5345.04090166092 8.888535e-18
5348.5711927414 9.245657e-18
5352.10148382187 9.739693e-18
5355.63177490235 1.037351e-17
5359.16206598282 1.009369e-17
5362.6923570633 8.971217e-18
5366.22264814377 9.11246e-18
5369.75293922425 7.547829e-18
5373.28323030472 6.023875e-18
5376.8135213852 6.610671e-18
5380.34381246567 7.668447e-18
5383.87410354615 8.304012e-18
5387.40439462662 8.757685e-18
5390.9346857071 9.787977e-18
5394.46497678757 8.556605e-18
5397.99526786805 7.666301e-18
5401.52555894852 7.791604e-18
5405.055850029 9.18247e-18
5408.58614110947 9.78382e-18
5412.11643218994 9.462372e-18
5415.64672327042 8.949887e-18
5419.1770143509 9.971871e-18
5422.70730543137 9.644753e-18
5426.23759651184 7.465114e-18
5429.76788759232 7.848631e-18
5433.29817867279 8.934817e-18
5436.82846975327 8.818384e-18
5440.35876083374 8.428953e-18
5443.88905191422 8.048819e-18
5447.41934299469 8.460028e-18
5450.94963407517 1.017807e-17
5454.47992515564 1.034278e-17
5458.01021623612 8.003293e-18
5461.54050731659 7.306821e-18
5465.07079839707 8.45519e-18
5468.60108947754 8.483457e-18
5472.13138055802 8.455783e-18
5475.66167163849 8.663701e-18
5479.19196271897 8.267085e-18
5482.72225379944 7.836163e-18
5486.25254487992 8.115421e-18
5489.78283596039 8.42953e-18
5493.31312704087 8.373574e-18
5496.84341812134 8.177532e-18
5500.37370920182 9.520643e-18
5503.90400028229 9.436097e-18
5507.43429136277 8.429686e-18
5510.96458244324 8.217624e-18
5514.49487352372 7.899758e-18
5518.02516460419 7.387376e-18
5521.55545568466 6.086674e-18
5525.08574676514 6.187627e-18
5528.61603784561 6.766171e-18
5532.14632892609 8.611934e-18
5535.67662000657 7.757851e-18
5539.20691108704 6.83083e-18
5542.73720216751 9.489647e-18
5546.26749324799 7.58576e-18
5549.79778432846 5.912962e-18
5553.32807540894 6.702745e-18
5556.85836648941 7.439994e-18
5560.38865756989 7.409073e-18
5563.91894865036 7.43118e-18
5567.44923973084 7.449714e-18
5570.97953081131 7.467763e-18
5574.50982189179 7.485812e-18
5578.04011297226 7.503861e-18
5581.57040405274 7.521908e-18
5585.10069513321 7.539956e-18
5588.63098621369 7.558004e-18
5592.16127729416 7.575533e-18
5595.69156837464 7.614425e-18
5599.22185945511 7.460255e-18
5602.75215053559 8.382007e-18
5606.28244161606 9.835182e-18
5609.81273269654 8.187865e-18
5613.34302377701 6.905032e-18
5616.87331485749 8.057414e-18
5620.40360593796 8.823144e-18
5623.93389701844 8.985761e-18
5627.46418809891 9.531913e-18
5630.99447917939 9.110764e-18
5634.52477025986 8.891819e-18
5638.05506134034 8.274796e-18
5641.58535242081 8.606593e-18
5645.11564350128 1.007505e-17
5648.64593458176 7.928e-18
5652.17622566223 6.500025e-18
5655.70651674271 8.227702e-18
5659.23680782318 8.06501e-18
5662.76709890366 7.305495e-18
5666.29738998413 8.183509e-18
5669.82768106461 7.066749e-18
5673.35797214508 5.743798e-18
5676.88826322556 7.295472e-18
5680.41855430603 9.193378e-18
5683.94884538651 9.464729e-18
5687.47913646698 9.305667e-18
5691.00942754746 7.23099e-18
5694.53971862793 6.989673e-18
5698.07000970841 8.476671e-18
5701.60030078888 8.961452e-18
5705.13059186936 9.192449e-18
5708.66088294983 8.496864e-18
5712.19117403031 6.778989e-18
5715.72146511078 6.978446e-18
5719.25175619126 9.247409e-18
5722.78204727173 8.849282e-18
5726.31233835221 6.677743e-18
5729.84262943268 7.035882e-18
5733.37292051316 7.460496e-18
5736.90321159363 7.506617e-18
5740.43350267411 7.807476e-18
5743.96379375458 8.268571e-18
5747.49408483506 7.454064e-18
5751.02437591553 6.852526e-18
5754.55466699601 7.272836e-18
5758.08495807648 7.19729e-18
5761.61524915696 7.581966e-18
5765.14554023743 8.073369e-18
5768.6758313179 6.97795e-18
5772.20612239838 5.906877e-18
5775.73641347886 6.917314e-18
5779.26670455933 7.971108e-18
5782.7969956398 7.356885e-18
5786.32728672028 6.974909e-18
5789.85757780075 8.092114e-18
5793.38786888123 7.949775e-18
5796.9181599617 6.884717e-18
5800.44845104218 7.705543e-18
5803.97874212265 5.948614e-18
5807.50903320313 4.929e-18
5811.0393242836 6.490227e-18
5814.56961536408 5.8239e-18
5818.09990644455 3.835486e-18
5821.63019752503 4.710055e-18
5825.1604886055 4.938663e-18
5828.69077968598 5.223681e-18
5832.22107076645 6.744295e-18
5835.75136184693 7.047245e-18
5839.2816529274 6.118835e-18
5842.81194400788 5.662282e-18
5846.34223508835 7.330132e-18
5849.87252616883 9.919153e-18
5853.4028172493 9.49898e-18
5856.93310832978 9.269394e-18
5860.46339941025 8.628976e-18
5863.99369049073 8.093751e-18
5867.5239815712 8.604103e-18
5871.05427265167 8.052571e-18
5874.58456373215 6.490532e-18
5878.11485481262 6.624743e-18
5881.6451458931 8.302673e-18
5885.17543697358 8.971262e-18
5888.70572805405 7.925236e-18
5892.23601913452 3.848351e-18
5895.766310215 3.936589e-18
5899.29660129547 5.196689e-18
5902.82689237595 6.106334e-18
5906.35718345642 7.884962e-18
5909.8874745369 8.017273e-18
5913.41776561737 7.248788e-18
5916.94805669785 6.736587e-18
5920.47834777832 6.556236e-18
5924.0086388588 6.374384e-18
5927.53892993927 6.743638e-18
5931.06922101975 6.909725e-18
5934.59951210022 8.618401e-18
5938.1298031807 1.108442e-17
5941.66009426117 1.168309e-17
5945.19038534165 1.113855e-17
5948.72067642212 1.154702e-17
5952.2509675026 1.009698e-17
5955.78125858307 8.509416e-18
5959.31154966355 9.42032e-18
5962.84184074402 9.271554e-18
5966.3721318245 8.23048e-18
5969.90242290497 7.78199e-18
5973.43271398545 7.304088e-18
5976.96300506592 8.13116e-18
5980.4932961464 9.141206e-18
5984.02358722687 9.408863e-18
5987.55387830735 8.956027e-18
5991.08416938782 8.997675e-18
5994.61446046829 1.016811e-17
5998.14475154877 1.028842e-17
6001.67504262925 1.094211e-17
6005.20533370972 9.821648e-18
6008.7356247902 8.47366e-18
6012.26591587067 8.790845e-18
6015.79620695114 8.609816e-18
6019.32649803162 9.943956e-18
6022.8567891121 1.039836e-17
6026.38708019257 1.061733e-17
6029.91737127304 1.10109e-17
6033.44766235352 1.058186e-17
6036.97795343399 1.280221e-17
6040.50824451447 1.318237e-17
6044.03853559494 1.214567e-17
6047.56882667542 1.1388e-17
6051.09911775589 1.078591e-17
6054.62940883637 1.161683e-17
6058.15969991684 1.181799e-17
6061.68999099732 1.260934e-17
6065.22028207779 1.335728e-17
6068.75057315827 1.210976e-17
6072.28086423874 1.061654e-17
6075.81115531922 1.02159e-17
6079.34144639969 1.042848e-17
6082.87173748017 1.056889e-17
6086.40202856064 1.156642e-17
6089.93231964112 1.251391e-17
6093.46261072159 1.088167e-17
6096.99290180207 1.003693e-17
6100.52319288254 9.957337e-18
6104.05348396302 1.058465e-17
6107.58377504349 1.184812e-17
6111.11406612397 1.059868e-17
6114.64435720444 9.967727e-18
6118.17464828491 1.151648e-17
6121.70493936539 1.214185e-17
6125.23523044587 1.119568e-17
6128.76552152634 1.164166e-17
6132.29581260682 1.348256e-17
6135.82610368729 1.280991e-17
6139.35639476776 1.078783e-17
6142.88668584824 1.056209e-17
6146.41697692872 1.001077e-17
6149.94726800919 1.008162e-17
6153.47755908966 1.019597e-17
6157.00785017014 9.377443e-18
6160.53814125061 9.43586e-18
6164.06843233109 1.00479e-17
6167.59872341156 9.978521e-18
6171.12901449204 1.057112e-17
6174.65930557251 1.042111e-17
6178.18959665299 1.109529e-17
6181.71988773346 1.035918e-17
6185.25017881394 1.033622e-17
6188.78046989441 9.176479e-18
6192.31076097489 7.644063e-18
6195.84105205536 9.316892e-18
6199.37134313584 9.756308e-18
6202.90163421631 8.204962e-18
6206.43192529679 7.553069e-18
6209.96221637726 7.063468e-18
6213.49250745774 5.65422e-18
6217.02279853821 6.895683e-18
6220.55308961869 6.856201e-18
6224.08338069916 6.401236e-18
6227.61367177964 7.591115e-18
6231.14396286011 8.650058e-18
6234.67425394059 8.402382e-18
6238.20454502106 8.57261e-18
6241.73483610153 9.090322e-18
6245.26512718201 9.84015e-18
6248.79541826249 8.151886e-18
6252.32570934296 6.635839e-18
6255.85600042343 6.749462e-18
6259.38629150391 6.409096e-18
6262.91658258438 6.254457e-18
6266.44687366486 6.914368e-18
6269.97716474533 7.982395e-18
6273.50745582581 8.789125e-18
6277.03774690628 7.164749e-18
6280.56803798676 5.469564e-18
6284.09832906723 3.89087e-18
6287.62862014771 4.658065e-18
6291.15891122818 7.613925e-18
6294.68920230866 8.519405e-18
6298.21949338913 6.354409e-18
6301.74978446961 5.855597e-18
6305.28007555008 4.9315e-18
6308.81036663056 5.37682e-18
6312.34065771103 6.74553e-18
6315.87094879151 5.282462e-18
6319.40123987198 4.894612e-18
6322.93153095246 6.86836e-18
6326.46182203293 7.18468e-18
6329.99211311341 7.132984e-18
6333.52240419388 7.494888e-18
6337.05269527436 6.126779e-18
6340.58298635483 5.380969e-18
6344.11327743531 5.480214e-18
6347.64356851578 5.663104e-18
6351.17385959626 6.640407e-18
6354.70415067673 6.687467e-18
6358.23444175721 6.876341e-18
6361.76473283768 6.574174e-18
6365.29502391815 6.74854e-18
6368.82531499863 7.684424e-18
6372.3556060791 7.867995e-18
6375.88589715958 7.278294e-18
6379.41618824005 7.722715e-18
6382.94647932053 7.391717e-18
6386.476770401 6.347696e-18
6390.00706148148 7.048681e-18
6393.53735256196 7.300253e-18
6397.06764364243 7.041292e-18
6400.5979347229 7.119742e-18
6404.12822580338 7.394123e-18
6407.65851688385 8.504282e-18
6411.18880796433 8.391983e-18
6414.7190990448 7.301345e-18
6418.24939012528 6.543844e-18
6421.77968120575 6.966489e-18
6425.30997228623 7.752682e-18
6428.8402633667 6.649791e-18
6432.37055444718 6.97462e-18
6435.90084552765 7.212639e-18
6439.43113660813 6.720033e-18
6442.9614276886 7.721471e-18
6446.49171876908 8.779341e-18
6450.02200984955 8.238606e-18
6453.55230093003 6.805647e-18
6457.0825920105 7.059029e-18
6460.61288309098 7.745451e-18
6464.14317417145 6.730585e-18
6467.67346525193 7.567612e-18
6471.2037563324 7.626269e-18
6474.73404741288 8.913879e-18
6478.26433849335 7.838572e-18
6481.79462957383 6.626933e-18
6485.3249206543 7.850222e-18
6488.85521173477 8.203056e-18
6492.38550281525 8.763998e-18
6495.91579389572 8.201213e-18
6499.4460849762 5.955723e-18
6502.97637605667 6.085562e-18
6506.50666713715 5.971105e-18
6510.03695821762 7.505011e-18
6513.5672492981 8.264328e-18
6517.09754037857 8.643061e-18
6520.62783145905 8.401641e-18
6524.15812253952 7.579061e-18
6527.68841362 7.466146e-18
6531.21870470047 7.907402e-18
6534.74899578095 6.503853e-18
6538.27928686142 6.667303e-18
6541.8095779419 8.043661e-18
6545.33986902237 8.60502e-18
6548.87016010285 8.126092e-18
6552.40045118332 7.98246e-18
6555.9307422638 7.686952e-18
6559.46103334427 6.574798e-18
6562.99132442475 7.102945e-18
6566.52161550522 7.816885e-18
6570.0519065857 6.857628e-18
6573.58219766617 7.150939e-18
6577.11248874665 6.760051e-18
6580.64277982712 5.699599e-18
6584.1730709076 6.572431e-18
6587.70336198807 7.396598e-18
6591.23365306855 7.04126e-18
6594.76394414902 6.86685e-18
6598.29423522949 7.578528e-18
6601.82452630997 7.92221e-18
6605.35481739044 7.356712e-18
6608.88510847092 7.43518e-18
6612.41539955139 7.571892e-18
6615.94569063187 7.5253e-18
6619.47598171234 7.519537e-18
6623.00627279282 6.861975e-18
6626.53656387329 6.707306e-18
6630.06685495377 7.212545e-18
6633.59714603424 8.16335e-18
6637.12743711472 6.986137e-18
6640.65772819519 6.064406e-18
6644.18801927567 7.517537e-18
6647.71831035614 7.35109e-18
6651.24860143662 6.753268e-18
6654.77889251709 6.732803e-18
6658.30918359757 5.979398e-18
6661.83947467804 5.984564e-18
6665.36976575852 6.319194e-18
6668.90005683899 6.104835e-18
6672.43034791947 6.212728e-18
6675.96063899994 6.321838e-18
6679.49093008042 6.12548e-18
6683.02122116089 6.44958e-18
6686.55151224137 5.984286e-18
6690.08180332184 5.480511e-18
6693.61209440232 7.409163e-18
6697.14238548279 8.050548e-18
6700.67267656327 6.585079e-18
6704.20296764374 5.629945e-18
6707.73325872422 6.985923e-18
6711.26354980469 7.363635e-18
6714.79384088517 7.155891e-18
6718.32413196564 5.908433e-18
6721.85442304612 5.298499e-18
6725.38471412659 7.478934e-18
6728.91500520707 7.731976e-18
6732.44529628754 6.949486e-18
6735.97558736802 7.3744e-18
6739.50587844849 7.197889e-18
6743.03616952897 6.95634e-18
6746.56646060944 7.49525e-18
6750.09675168991 6.737476e-18
6753.62704277039 5.41401e-18
6757.15733385087 6.459219e-18
6760.68762493134 7.160743e-18
6764.21791601181 6.615647e-18
6767.74820709229 6.461817e-18
6771.27849817276 6.487604e-18
6774.80878925324 6.378374e-18
6778.33908033371 6.235973e-18
6781.86937141419 6.901909e-18
6785.39966249466 6.981076e-18
6788.92995357514 6.932819e-18
6792.46024465561 5.641643e-18
6795.99053573609 5.84801e-18
6799.52082681656 7.769721e-18
6803.05111789704 8.56211e-18
6806.58140897751 7.547715e-18
6810.11170005799 6.243052e-18
6813.64199113846 6.641115e-18
6817.17228221894 7.636007e-18
6820.70257329941 6.3963e-18
6824.23286437989 7.44274e-18
6827.76315546036 6.873331e-18
6831.29344654084 5.134792e-18
6834.82373762131 7.213989e-18
6838.35402870179 7.884328e-18
6841.88431978226 6.952233e-18
6845.41461086274 5.591486e-18
6848.94490194321 4.969185e-18
6852.47519302369 6.092851e-18
6856.00548410416 7.585561e-18
6859.53577518464 6.322295e-18
6863.06606626511 4.893058e-18
6866.59635734559 4.980534e-18
6870.12664842606 5.201644e-18
6873.65693950653 5.333111e-18
6877.18723058701 7.09897e-18
6880.71752166748 8.496587e-18
6884.24781274796 8.847683e-18
6887.77810382843 8.299786e-18
6891.30839490891 6.373355e-18
6894.83868598938 7.009557e-18
6898.36897706986 7.932588e-18
6901.89926815033 7.361476e-18
6905.42955923081 8.117262e-18
6908.95985031128 8.754385e-18
6912.49014139176 8.998021e-18
6916.02043247223 8.573337e-18
6919.55072355271 6.768262e-18
6923.08101463318 6.322423e-18
6926.61130571366 8.446199e-18
6930.14159679413 9.832708e-18
6933.67188787461 9.943842e-18
6937.20217895508 8.875426e-18
6940.73247003556 8.081915e-18
6944.26276111603 7.840164e-18
6947.79305219651 8.171379e-18
6951.32334327698 8.597958e-18
6954.85363435746 7.923351e-18
6958.38392543793 7.266018e-18
6961.91421651841 7.683897e-18
6965.44450759888 7.071722e-18
6968.97479867936 9.248115e-18
6972.50508975983 9.256698e-18
6976.03538084031 7.96811e-18
6979.56567192078 9.767442e-18
6983.09596300125 9.898699e-18
6986.62625408173 7.713997e-18
6990.15654516221 8.893994e-18
6993.68683624268 9.508943e-18
6997.21712732316 8.50548e-18
7000.74741840363 1.005585e-17
7004.27770948411 9.484818e-18
7007.80800056458 7.298646e-18
7011.33829164506 6.415016e-18
7014.86858272553 7.578456e-18
7018.39887380601 8.106705e-18
7021.92916488648 7.310162e-18
7025.45945596695 7.1799e-18
7028.98974704743 7.500002e-18
7032.5200381279 7.382016e-18
7036.05032920838 8.296801e-18
7039.58062028885 9.560329e-18
7043.11091136933 9.499383e-18
7046.6412024498 9.487993e-18
7050.17149353028 8.591873e-18
7053.70178461075 7.871466e-18
7057.23207569123 7.802793e-18
7060.7623667717 8.217725e-18
7064.29265785218 8.71838e-18
7067.82294893265 8.811193e-18
7071.35324001313 7.130911e-18
7074.8835310936 7.841199e-18
7078.41382217408 8.256441e-18
7081.94411325455 7.79737e-18
7085.47440433503 6.798421e-18
7089.0046954155 6.949167e-18
7092.53498649598 7.51571e-18
7096.06527757645 8.00715e-18
7099.59556865693 8.723064e-18
7103.1258597374 8.255627e-18
7106.65615081788 8.859003e-18
7110.18644189835 7.702556e-18
7113.71673297882 7.606602e-18
7117.2470240593 9.28238e-18
7120.77731513977 8.635826e-18
7124.30760622025 8.465825e-18
7127.83789730072 8.116105e-18
7131.3681883812 7.441121e-18
7134.89847946167 8.165166e-18
7138.42877054215 9.027733e-18
7141.95906162262 9.572172e-18
7145.4893527031 8.782894e-18
7149.01964378357 7.543636e-18
7152.54993486405 7.722769e-18
7156.08022594452 8.437266e-18
7159.610517025 9.513159e-18
7163.14080810547 9.348687e-18
7166.67109918595 7.678185e-18
7170.20139026642 7.814081e-18
7173.7316813469 8.881857e-18
7177.26197242737 8.367074e-18
7180.79226350785 8.474541e-18
7184.32255458832 9.558007e-18
7187.8528456688 9.003664e-18
7191.38313674927 7.462764e-18
7194.91342782975 7.303114e-18
7198.44371891022 8.815227e-18
7201.9740099907 9.808345e-18
7205.50430107117 1.097759e-17
7209.03459215164 8.401265e-18
7212.56488323212 7.510359e-18
7216.0951743126 7.423494e-18
7219.62546539307 7.065477e-18
7223.15575647355 8.139262e-18
7226.68604755402 7.578901e-18
7230.21633863449 7.759381e-18
7233.74662971497 8.920758e-18
7237.27692079545 8.495348e-18
7240.80721187592 8.870743e-18
7244.33750295639 7.560583e-18
7247.86779403687 5.510169e-18
7251.39808511734 6.656415e-18
7254.92837619782 8.531006e-18
7258.45866727829 8.267097e-18
7261.98895835877 6.945288e-18
7265.51924943924 7.50594e-18
7269.04954051972 7.621893e-18
7272.57983160019 5.123383e-18
7276.11012268067 5.558929e-18
7279.64041376114 6.84882e-18
7283.17070484162 6.328139e-18
7286.70099592209 8.726807e-18
7290.23128700257 8.10845e-18
7293.76157808304 6.380245e-18
7297.29186916352 6.951767e-18
7300.82216024399 7.285263e-18
7304.35245132447 6.072123e-18
7307.88274240494 5.094272e-18
7311.41303348542 6.367171e-18
7314.94332456589 8.440593e-18
7318.47361564637 7.368339e-18
7322.00390672684 6.288482e-18
7325.53419780732 6.470402e-18
7329.06448888779 7.937205e-18
7332.59477996827 8.231314e-18
7336.12507104874 7.314376e-18
7339.65536212922 5.905737e-18
7343.18565320969 6.788586e-18
7346.71594429017 6.639012e-18
7350.24623537064 6.072173e-18
7353.77652645111 6.952164e-18
7357.30681753159 6.562924e-18
7360.83710861206 6.991826e-18
7364.36739969254 7.951057e-18
7367.89769077301 6.813578e-18
7371.42798185349 5.634692e-18
7374.95827293396 5.652555e-18
7378.48856401444 6.471527e-18
7382.01885509491 6.04879e-18
7385.54914617539 5.508772e-18
7389.07943725586 7.194326e-18
7392.60972833634 8.890301e-18
7396.14001941681 8.051545e-18
7399.67031049729 7.393174e-18
7403.20060157776 7.284684e-18
7406.73089265824 6.742798e-18
7410.26118373871 4.922226e-18
7413.79147481919 5.138087e-18
7417.32176589966 6.60636e-18
7420.85205698014 6.511454e-18
7424.38234806061 6.177453e-18
7427.91263914109 5.374343e-18
7431.44293022156 5.033894e-18
7434.97322130204 5.065875e-18
7438.50351238251 5.104635e-18
7442.03380346299 5.19602e-18
7445.56409454346 5.98757e-18
7449.09438562394 6.027127e-18
7452.62467670441 5.864931e-18
7456.15496778489 5.389762e-18
7459.68525886536 4.955591e-18
7463.21554994583 5.077233e-18
7466.74584102631 4.833003e-18
7470.27613210679 4.410833e-18
7473.80642318726 3.982132e-18
7477.33671426773 4.695669e-18
7480.86700534821 3.852097e-18
7484.39729642869 4.795943e-18
7487.92758750916 4.91474e-18
7491.45787858963 3.945388e-18
7494.98816967011 5.18763e-18
7498.51846075058 5.27487e-18
7502.04875183106 6.288519e-18
7505.57904291153 5.831697e-18
7509.10933399201 5.365459e-18
7512.63962507248 6.28787e-18
7516.16991615296 5.592036e-18
7519.70020723343 3.803955e-18
7523.23049831391 5.030798e-18
7526.76078939438 7.463279e-18
7530.29108047486 7.782402e-18
7533.82137155533 6.246411e-18
7537.35166263581 4.788293e-18
7540.88195371628 4.413248e-18
7544.41224479676 4.987862e-18
7547.94253587723 4.566758e-18
7551.47282695771 3.83047e-18
7555.00311803818 5.790675e-18
7558.53340911866 7.202718e-18
7562.06370019913 5.05378e-18
7565.59399127961 3.614893e-18
7569.12428236008 4.267907e-18
7572.65457344056 4.021636e-18
7576.18486452103 3.047781e-18
7579.71515560151 3.782388e-18
7583.24544668198 4.600936e-18
7586.77573776246 3.990483e-18
7590.30602884293 2.588857e-18
7593.83631992341 4.157022e-18
7597.36661100388 6.498385e-18
7600.89690208435 5.857783e-18
7604.42719316483 1.709088e-18
7607.95748424531 4.493798e-18
7611.48777532578 7.331853e-18
7615.01806640625 7.800705e-18
7618.54835748673 5.944163e-18
7622.0786485672 4.666613e-18
7625.60893964768 3.911742e-18
7629.13923072816 5.742677e-18
7632.66952180863 8.953939e-18
7636.1998128891 7.645309e-18
7639.73010396958 5.305206e-18
7643.26039505005 4.286602e-18
7646.79068613053 2.432167e-18
7650.320977211 1.666048e-18
7653.85126829148 3.126737e-18
7657.38155937195 5.094974e-18
7660.91185045243 4.314099e-18
7664.4421415329 4.584405e-18
7667.97243261338 4.524283e-18
7671.50272369385 4.937567e-18
7675.03301477433 5.218946e-18
7678.5633058548 4.758644e-18
7682.09359693528 5.300065e-18
7685.62388801575 4.833105e-18
7689.15417909623 4.195409e-18
7692.6844701767 5.12776e-18
7696.21476125718 5.491554e-18
7699.74505233765 3.911755e-18
7703.27534341813 3.550388e-18
7706.8056344986 3.357458e-18
7710.33592557908 5.162139e-18
7713.86621665955 7.235784e-18
7717.39650774003 7.477604e-18
7720.9267988205 5.712351e-18
7724.45708990098 4.639137e-18
7727.98738098145 6.08839e-18
7731.51767206192 6.035107e-18
7735.0479631424 5.217894e-18
7738.57825422287 4.909139e-18
7742.10854530335 5.634068e-18
7745.63883638382 7.969538e-18
7749.1691274643 6.05094e-18
7752.69941854477 7.151423e-18
7756.22970962525 6.671602e-18
7759.76000070572 5.321438e-18
7763.2902917862 5.357517e-18
7766.82058286667 5.212242e-18
7770.35087394715 4.350824e-18
7773.88116502762 3.145027e-18
7777.4114561081 4.880502e-18
7780.94174718857 6.017985e-18
7784.47203826905 4.646615e-18
7788.00232934952 1.912624e-18
7791.53262043 3.304142e-18
7795.06291151047 5.300355e-18
7798.59320259095 4.791715e-18
7802.12349367142 3.06495e-18
7805.6537847519 3.459545e-18
7809.18407583237 4.456096e-18
7812.71436691285 3.338303e-18
7816.24465799332 1.718939e-18
7819.77494907379 1.970886e-18
7823.30524015427 4.649334e-18
7826.83553123474 3.698874e-18
7830.36582231522 4.423161e-18
7833.89611339569 5.017777e-18
7837.42640447617 5.17139e-18
7840.95669555664 6.396562e-18
7844.48698663712 4.904457e-18
7848.01727771759 2.110963e-18
7851.54756879807 4.68519e-18
7855.07785987855 9.386929e-18
7858.60815095902 6.103188e-18
7862.13844203949 3.662398e-18
7865.66873311997 6.681589e-18
7869.19902420044 5.786073e-18
7872.72931528092 2.816692e-18
7876.25960636139 1.936092e-18
7879.78989744187 2.832763e-18
7883.32018852234 4.688963e-18
7886.85047960282 4.404934e-18
7890.38077068329 3.598385e-18
7893.91106176377 5.02945e-18
7897.44135284424 4.78517e-18
7900.97164392472 3.33362e-18
7904.50193500519 4.125508e-18
7908.03222608567 4.821895e-18
7911.56251716614 3.956478e-18
7915.09280824662 3.317572e-18
7918.62309932709 5.054764e-18
7922.15339040757 4.460386e-18
7925.68368148804 5.304586e-18
7929.21397256852 7.483357e-18
7932.74426364899 5.919551e-18
7936.27455472947 6.849721e-18
7939.80484580994 6.88143e-18
7943.33513689042 4.988521e-18
7946.86542797089 4.134645e-18
7950.39571905136 3.933354e-18
7953.92601013184 5.520918e-18
7957.45630121232 6.057859e-18
7960.98659229279 4.928295e-18
7964.51688337326 4.73385e-18
7968.04717445374 6.275551e-18
7971.57746553421 7.34396e-18
7975.10775661469 6.189896e-18
7978.63804769516 5.434039e-18
7982.16833877564 3.183139e-18
7985.69862985611 4.452083e-18
7989.22892093659 7.75221e-18
7992.75921201706 5.027944e-18
7996.28950309754 1.313617e-18
7999.81979417801 3.180905e-18
8003.35008525849 5.292604e-18
8006.88037633896 5.020159e-18
8010.41066741944 4.557095e-18
8013.94095849991 5.289579e-18
8017.47124958039 6.846137e-18
8021.00154066086 5.462319e-18
8024.53183174134 3.385182e-18
8028.06212282181 3.964029e-18
8031.59241390229 4.739637e-18
8035.12270498276 3.509231e-18
8038.65299606324 4.075911e-18
8042.18328714371 6.564345e-18
8045.71357822419 5.840005e-18
8049.24386930466 4.944324e-18
8052.77416038514 5.503261e-18
8056.30445146561 4.85061e-18
8059.83474254608 6.291487e-18
8063.36503362656 5.937895e-18
8066.89532470704 5.496737e-18
8070.42561578751 4.428311e-18
8073.95590686798 6.135931e-18
8077.48619794846 6.085329e-18
8081.01648902893 4.890951e-18
8084.54678010941 5.9519e-18
8088.07707118988 4.456533e-18
8091.60736227036 4.730431e-18
8095.13765335083 6.764827e-18
8098.66794443131 4.404574e-18
8102.19823551178 3.27898e-18
8105.72852659226 5.309136e-18
8109.25881767273 4.908027e-18
8112.78910875321 4.070256e-18
8116.31939983368 5.882715e-18
8119.84969091416 7.134512e-18
8123.37998199463 5.759268e-18
8126.91027307511 4.670971e-18
8130.44056415558 5.042318e-18
8133.97085523606 6.918977e-18
8137.50114631653 8.255047e-18
8141.03143739701 6.854683e-18
8144.56172847748 5.327773e-18
8148.09201955796 5.269074e-18
8151.62231063843 6.358003e-18
8155.15260171891 5.61788e-18
8158.68289279938 4.915514e-18
8162.21318387986 4.646577e-18
8165.74347496033 5.194709e-18
8169.27376604081 5.544205e-18
8172.80405712128 5.082404e-18
8176.33434820176 5.546286e-18
8179.86463928223 5.492126e-18
8183.39493036271 5.792297e-18
8186.92522144318 5.684692e-18
8190.45551252366 3.24864e-18
8193.98580360413 4.187676e-18
8197.51609468461 5.339827e-18
8201.04638576508 6.009338e-18
8204.57667684555 4.713517e-18
8208.10696792603 4.939173e-18
8211.63725900651 4.925375e-18
8215.16755008698 4.92038e-18
8218.69784116745 3.594745e-18
8222.22813224793 3.026463e-18
8225.7584233284 5.352105e-18
8229.28871440888 5.924601e-18
8232.81900548935 4.83899e-18
8236.34929656983 4.976917e-18
8239.8795876503 3.003652e-18
8243.40987873078 1.640473e-18
8246.94016981125 4.938002e-18
8250.47046089173 7.309358e-18
8254.0007519722 5.608919e-18
8257.53104305268 3.524482e-18
8261.06133413315 3.477205e-18
8264.59162521363 4.59394e-18
8268.1219162941 5.457863e-18
8271.65220737458 4.290793e-18
8275.18249845505 4.274404e-18
8278.71278953553 5.161697e-18
8282.243080616 4.431209e-18
8285.77337169648 4.582835e-18
8289.30366277695 5.615735e-18
8292.83395385743 2.717165e-18
8296.3642449379 1.813033e-18
8299.89453601838 5.555795e-18
8303.42482709885 7.826092e-18
8306.95511817932 6.845229e-18
8310.4854092598 6.918939e-18
8314.01570034027 7.659349e-18
8317.54599142075 6.175726e-18
8321.07628250122 5.230574e-18
8324.6065735817 5.653816e-18
8328.13686466217 5.86467e-18
8331.66715574265 6.041926e-18
8335.19744682313 6.227296e-18
8338.7277379036 6.411898e-18
8342.25802898407 6.5965e-18
8345.78832006455 6.781113e-18
8349.31861114502 6.965715e-18
8352.8489022255 7.148579e-18
8356.37919330597 7.326052e-18
8359.90948438645 7.611483e-18
8363.43977546692 6.600966e-18
8366.9700665474 3.91112e-18
8370.50035762787 7.054917e-18
8374.03064870835 8.010583e-18
8377.56093978882 6.359617e-18
8381.0912308693 7.335505e-18
8384.62152194977 7.084233e-18
8388.15181303025 6.681499e-18
8391.68210411072 7.032516e-18
8395.2123951912 6.638749e-18
8398.74268627167 4.093652e-18
8402.27297735215 7.346602e-18
8405.80326843262 6.442133e-18
8409.3335595131 3.740944e-18
8412.86385059357 5.226637e-18
8416.39414167405 7.239846e-18
8419.92443275452 7.152856e-18
8423.454723835 6.96107e-18
8426.98501491547 7.291117e-18
8430.51530599595 7.079126e-18
8434.04559707642 3.508415e-18
8437.57588815689 1.674597e-18
8441.10617923737 5.602457e-18
8444.63647031784 7.053773e-18
8448.16676139832 5.80129e-18
8451.69705247879 5.627576e-18
8455.22734355927 5.136047e-18
8458.75763463974 9.203426e-18
8462.28792572022 7.073029e-18
8465.81821680069 1.272859e-18
8469.34850788117 6.863137e-18
8472.87879896164 6.104004e-18
8476.40909004212 5.569779e-18
8479.93938112259 7.749826e-18
8483.46967220307 7.542148e-18
8486.99996328354 6.916029e-18
8490.53025436402 6.506163e-18
8494.06054544449 7.834621e-18
8497.59083652497 8.194834e-18
8501.12112760544 6.629177e-18
8504.65141868592 6.755221e-18
8508.18170976639 5.646247e-18
8511.71200084687 4.709947e-18
8515.24229192734 5.619272e-18
8518.77258300782 8.119818e-18
8522.30287408829 7.752205e-18
8525.83316516877 5.961665e-18
8529.36345624924 4.966815e-18
8532.89374732971 5.974344e-18
8536.42403841019 4.793942e-18
8539.95432949067 5.022409e-18
8543.48462057114 7.736688e-18
8547.01491165162 7.825933e-18
8550.54520273209 4.524904e-18
8554.07549381257 5.314631e-18
8557.60578489304 7.886505e-18
8561.13607597352 6.850795e-18
8564.66636705399 6.150769e-18
8568.19665813446 5.578693e-18
8571.72694921494 7.228065e-18
8575.25724029541 8.472631e-18
8578.78753137589 5.756134e-18
8582.31782245636 4.89778e-18
8585.84811353684 7.293621e-18
8589.37840461731 6.677267e-18
8592.90869569779 5.036823e-18
8596.43898677826 4.664266e-18
8599.96927785874 5.343957e-18
8603.49956893921 5.129439e-18
8607.02986001969 4.591267e-18
8610.56015110016 5.412124e-18
8614.09044218064 6.842182e-18
8617.62073326111 7.050126e-18
8621.15102434159 6.387985e-18
8624.68131542206 6.319448e-18
8628.21160650254 6.431317e-18
8631.74189758301 6.243726e-18
8635.27218866349 4.922557e-18
8638.80247974396 5.61095e-18
8642.33277082444 3.740863e-18
8645.86306190491 4.223796e-18
8649.39335298539 5.423758e-18
8652.92364406586 4.663781e-18
8656.45393514633 8.552614e-18
8659.98422622681 9.613624e-18
8663.51451730729 4.387402e-18
8667.04480838776 3.264148e-18
8670.57509946823 5.897773e-18
8674.10539054871 6.450528e-18
8677.63568162918 5.670364e-18
8681.16597270966 4.047455e-18
8684.69626379013 4.422326e-18
8688.22655487061 5.378945e-18
8691.75684595108 4.88794e-18
8695.28713703156 3.834933e-18
8698.81742811203 4.650799e-18
8702.34771919251 6.135381e-18
8705.87801027298 4.09766e-18
8709.40830135346 3.828707e-18
8712.93859243393 4.890563e-18
8716.46888351441 4.933079e-18
8719.99917459488 5.661947e-18
8723.52946567536 6.536178e-18
8727.05975675583 5.702988e-18
8730.59004783631 4.747865e-18
8734.12033891678 4.091777e-18
8737.65062999726 3.211816e-18
8741.18092107773 5.115281e-18
8744.71121215821 4.347089e-18
8748.24150323868 3.990157e-18
8751.77179431916 4.86521e-18
8755.30208539963 4.335329e-18
8758.83237648011 3.277451e-18
8762.36266756058 -3.344539e-19
8765.89295864106 1.557146e-18
8769.42324972153 3.249195e-18
8772.95354080201 1.12406e-18
8776.48383188248 2.1879e-18
8780.01412296296 4.743832e-18
8783.54441404343 4.788183e-18
8787.0747051239 4.039216e-18
8790.60499620438 3.93113e-18
8794.13528728486 2.149165e-18
8797.66557836533 1.612864e-18
8801.1958694458 3.912409e-18
8804.72616052628 5.881138e-18
8808.25645160676 4.445915e-18
8811.78674268723 4.407089e-18
8815.3170337677 2.17624e-18
8818.84732484818 1.538502e-18
8822.37761592865 5.413283e-18
8825.90790700913 5.67007e-18
8829.4381980896 2.408787e-18
8832.96848917008 2.892454e-18
8836.49878025055 4.103069e-18
8840.02907133103 3.161815e-18
8843.5593624115 4.575495e-18
8847.08965349198 6.515424e-18
8850.61994457245 6.365907e-18
8854.15023565293 5.408363e-18
8857.6805267334 5.938647e-18
8861.21081781388 3.940377e-18
8864.74110889435 3.551169e-18
8868.27139997483 4.512969e-18
8871.8016910553 4.487231e-18
8875.33198213578 4.443242e-18
8878.86227321625 4.433104e-18
8882.39256429673 4.417497e-18
8885.9228553772 4.402194e-18
8889.45314645768 4.386892e-18
8892.98343753815 4.371587e-18
8896.51372861863 4.356284e-18
8900.0440196991 4.340982e-18
8903.57431077958 4.325678e-18
8907.10460186005 4.314254e-18
8910.63489294053 4.262111e-18
8914.165184021 4.429699e-18
8917.69547510148 4.980884e-18
8921.22576618195 2.768774e-18
8924.75605726242 -8.038295e-19
8928.2863483429 -5.436967e-19
8931.81663942337 1.959964e-18
8935.34693050385 1.615978e-18
8938.87722158432 3.571167e-18
8942.4075126648 6.927581e-18
8945.93780374527 5.281999e-18
8949.46809482575 6.608149e-18
8952.99838590622 3.925099e-18
8956.5286769867 -2.611378e-18
8960.05896806717 2.580247e-18
8963.58925914765 2.606942e-18
8967.11955022812 2.875422e-18
8970.6498413086 3.073619e-18
8974.18013238907 2.454688e-18
8977.71042346955 4.20584e-18
8981.24071455002 3.844723e-18
8984.7710056305 4.293634e-18
8988.30129671097 4.354932e-18
8991.83158779145 2.93293e-18
8995.36187887192 1.784233e-18
8998.8921699524 1.141088e-18
9002.42246103287 1.94528e-18
9005.95275211335 4.006197e-20
9009.48304319382 1.873731e-18
9013.01333427429 5.832454e-18
9016.54362535477 4.450386e-18
9020.07391643525 3.022591e-18
9023.60420751572 4.882891e-18
9027.13449859619 5.540215e-18
9030.66478967667 3.992428e-18
9034.19508075715 2.016975e-18
9037.72537183762 3.233487e-18
9041.2556629181 5.440948e-18
9044.78595399857 3.611875e-18
9048.31624507905 1.2801e-18
9051.84653615952 2.499053e-18
9055.37682723999 5.968607e-18
9058.90711832047 2.710352e-18
9062.43740940094 3.016101e-18
9065.96770048142 5.92397e-18
9069.49799156189 3.65055e-18
9073.02828264237 2.875996e-18
9076.55857372284 3.755501e-18
9080.08886480332 2.909884e-18
9083.61915588379 4.550172e-18
9087.14944696427 3.684173e-18
9090.67973804474 2.876511e-18
9094.21002912522 3.989852e-18
9097.74032020569 5.073284e-18
9101.27061128617 5.15991e-18
9104.80090236664 4.980797e-18
9108.33119344712 4.019682e-18
9111.86148452759 3.075628e-18
9115.39177560807 4.021327e-18
9118.92206668854 3.586088e-18
9122.45235776902 3.19726e-18
9125.98264884949 6.466568e-18
9129.51293992997 5.864577e-18
9133.04323101044 4.042025e-18
9136.57352209092 1.86324e-18
9140.10381317139 4.077292e-18
9143.63410425186 3.183187e-18
9147.16439533234 2.550292e-18
9150.69468641281 2.383591e-18
9154.22497749329 2.631821e-18
9157.75526857376 2.849898e-18
9161.28555965424 3.398297e-18
9164.81585073472 5.018042e-18
9168.34614181519 2.903825e-18
9171.87643289566 -5.94844e-19
9175.40672397614 2.273468e-18
9178.93701505662 4.44706e-18
9182.46730613709 4.544682e-18
9185.99759721756 4.364312e-18
9189.52788829804 4.422251e-18
9193.05817937851 4.364106e-18
9196.58847045899 3.097691e-18
9200.11876153946 2.633763e-18
9203.64905261994 2.530609e-18
9207.17934370041 3.03931e-18
9210.70963478089 4.361026e-18
9214.23992586136 2.935686e-18
9217.77021694184 1.915164e-18
9221.30050802231 1.458338e-18
9224.83079910279 9.968121e-19
9228.36109018326 5.798489e-19
9231.89138126374 6.32977e-19
9235.42167234421 2.337701e-18
9238.95196342469 2.388443e-18
9242.48225450516 2.959335e-18
9246.01254558564 3.807013e-18
9249.54283666611 2.339185e-18
9253.07312774659 2.012447e-18
9256.60341882706 2.941597e-18
9260.13370990754 1.958463e-18
9263.66400098801 4.808889e-19
9267.19429206849 8.308654e-19
9270.72458314896 2.365394e-18
9274.25487422943 2.326836e-18
9277.78516530991 2.281243e-18
9281.31545639038 2.022435e-18
9284.84574747086 2.18821e-18
9288.37603855133 2.4068e-18
9291.90632963181 1.656184e-18
9295.43662071228 1.745048e-18
9298.96691179276 2.239479e-18
9302.49720287323 8.988812e-19
9306.02749395371 -4.812658e-19
9309.55778503418 7.227353e-20
9313.08807611466 7.924613e-19
9316.61836719513 3.835759e-18
9320.14865827561 4.641868e-18
9323.67894935608 1.511522e-18
9327.20924043656 1.319719e-18
9330.73953151703 1.086223e-18
9334.26982259751 -7.111583e-19
9337.80011367798 1.392276e-18
9341.33040475846 5.03359e-19
9344.86069583893 -1.522964e-18
9348.39098691941 8.657323e-19
9351.92127799988 4.548047e-19
9355.45156908036 1.19438e-18
9358.98186016083 2.779264e-18
9362.51215124131 2.227806e-18
9366.04244232178 6.003831e-19
9369.57273340226 5.224785e-19
9373.10302448273 6.398111e-19
9376.63331556321 7.110393e-19
9380.16360664368 7.886039e-19
9383.69389772415 8.661638e-19
9387.22418880463 9.437237e-19
9390.75447988511 1.018264e-18
9394.28477096558 1.11338e-18
9397.81506204605 1.123956e-18
9401.34535312653 4.015484e-19
9404.87564420701 -2.701655e-19
9408.40593528748 8.95881e-19
9411.93622636795 2.4114e-18
9415.46651744843 3.430892e-18
9418.9968085289 3.898196e-18
9422.52709960938 4.057045e-18
9426.05739068985 2.625442e-18
9429.58768177033 1.250348e-18
9433.1179728508 2.57066e-18
9436.64826393128 2.365933e-18
9440.17855501175 2.071877e-18
9443.70884609223 1.825305e-18
9447.2391371727 1.455006e-18
9450.76942825318 2.638e-19
9454.29971933365 -4.793551e-19
9457.83001041413 5.671833e-19
9461.3603014946 -5.036577e-19
9464.89059257508 1.051165e-18
9468.42088365555 2.674863e-18
9471.95117473603 -4.288534e-21
9475.4814658165 -1.102139e-19
9479.01175689698 -5.498083e-19
9482.54204797745 1.783182e-18
9486.07233905793 3.676833e-18
9489.6026301384 3.019855e-18
9493.13292121888 1.953343e-18
9496.66321229935 -3.01266e-19
9500.19350337983 2.75245e-18
9503.7237944603 2.160593e-18
9507.25408554078 1.359633e-18
9510.78437662125 9.955252e-19
9514.31466770173 2.015269e-18
9517.8449587822 2.695859e-18
9521.37524986268 2.087626e-18
9524.90554094315 3.527657e-19
9528.43583202362 5.182437e-19
9531.9661231041 2.914848e-18
9535.49641418458 2.514238e-18
9539.02670526505 2.209749e-18
9542.55699634552 2.961581e-18
9546.087287426 2.444743e-18
9549.61757850647 7.339977e-19
9553.14786958695 -1.568258e-19
9556.67816066742 7.414279e-20
9560.2084517479 1.961238e-18
9563.73874282837 2.599257e-18
9567.26903390885 1.507556e-18
9570.79932498932 1.884644e-18
9574.3296160698 1.331335e-18
9577.85990715027 1.840096e-18
9581.39019823075 2.659929e-18
9584.92048931122 1.402705e-18
9588.4507803917 7.288775e-19
9591.98107147217 1.990383e-18
9595.51136255265 2.206826e-18
9599.04165363312 2.153502e-18
9602.5719447136 1.892753e-18
9606.10223579407 1.209436e-18
9609.63252687455 2.217408e-18
9613.16281795502 7.639354e-19
9616.6931090355 2.193075e-18
9620.22340011597 1.576097e-18
9623.75369119645 1.874762e-18
9627.28398227692 2.337684e-18
9630.81427335739 2.303829e-18
9634.34456443787 1.712993e-18
9637.87485551834 5.6694e-19
9641.40514659882 6.397347e-19
9644.93543767929 1.509231e-18
9648.46572875977 1.976349e-18
9651.99601984024 1.002184e-18
9655.52631092072 2.525085e-19
9659.0566020012 8.253519e-19
9662.58689308167 5.758249e-19
9666.11718416214 5.002202e-19
9669.64747524262 1.06843e-18
9673.17776632309 1.076616e-18
9676.70805740357 1.038702e-18
9680.23834848404 4.983934e-19
9683.76863956452 -1.029058e-18
